date,pre_close,open,high,low,close,volume,amt,ptmtradeday,ptmday,delta,gamma,vega,theta,rho,us_impliedvol,exe_price,maint_margin,exe_ratio,wind_code,trade_coe,sec_name,option_mark_code,option_type,call_or_put,exercise_mode,exercise_price,contract_unit,limit_month,listed_date,expire_date,exercise_date,settlement_date,reference_price,settle_mode,contract_state
2018/1/11 0:00:00,非数字,0.3804,0.3844,0.3639,0.3669,450,1682291,110,168,-0.862798607742966,0.7494089976859,0.0044415357695861,0.0351073942740272,-0.0135161203670012,0.128691845703125,3.4,7679.2,10000,10001194,510050P1806M03400,50ETF沽2018年6月3.40,510050.SH,ETF期权,认沽,欧式,3.4,10000,2018-06,2018/1/11 0:00:00,2018/6/27 0:00:00,2018-06-27,2018-06-28,0.406,实物资产,退市,
2018/1/12 0:00:00,0.3669,0.375,0.375,0.349,0.3572,558,1996239,109,167,-0.841212997329758,0.81751362677454,0.00492749265185933,0.0246973040373193,-0.0131411750126763,0.158130297851563,3.4,7441.6,10000,10001194,510050P1806M03400,50ETF沽2018年6月3.40,510050.SH,ETF期权,认沽,欧式,3.4,10000,2018-06,2018/1/11 0:00:00,2018/6/27 0:00:00,2018-06-27,2018-06-28,0.406,实物资产,退市,
2018/1/15 0:00:00,0.3572,0.3505,0.3505,0.3133,0.3247,1701,5537373,108,164,-0.823215557376265,0.87680098322293,0.00527571075515436,0.0156219087594762,-0.0126608533623713,0.134989624023438,3.4,7221.6,10000,10001194,510050P1806M03400,50ETF沽2018年6月3.40,510050.SH,ETF期权,认沽,欧式,3.4,10000,2018-06,2018/1/11 0:00:00,2018/6/27 0:00:00,2018-06-27,2018-06-28,0.406,实物资产,退市,
2018/1/16 0:00:00,0.3247,0.3277,0.3317,0.313,0.313,306,984133,107,163,-0.804665921805446,0.92680359253496,0.00563381451106939,0.00696466020464537,-0.0123328245538795,0.145534741210937,3.4,7036.8,10000,10001194,510050P1806M03400,50ETF沽2018年6月3.40,510050.SH,ETF期权,认沽,欧式,3.4,10000,2018-06,2018/1/11 0:00:00,2018/6/27 0:00:00,2018-06-27,2018-06-28,0.406,实物资产,退市,
2018/1/17 0:00:00,0.313,0.3128,0.3239,0.2802,0.3126,1374,4159382,106,162,-0.800640662045715,0.94417423919892,0.00569910900667001,0.00536125160751168,-0.0122003357748134,0.154432183837891,3.4,6975.2,10000,10001194,510050P1806M03400,50ETF沽2018年6月3.40,510050.SH,ETF期权,认沽,欧式,3.4,10000,2018-06,2018/1/11 0:00:00,2018/6/27 0:00:00,2018-06-27,2018-06-28,0.406,实物资产,退市,
2018/1/18 0:00:00,0.3126,0.3054,0.3065,0.2813,0.3009,1340,3912488,105,161,-0.765184933985001,1.02093523326832,0.00631670435602733,-0.0102140382381508,-0.0116476560638903,0.1770236328125,3.4,6736.2,10000,10001194,510050P1806M03400,50ETF沽2018年6月3.40,510050.SH,ETF期权,认沽,欧式,3.4,10000,2018-06,2018/1/11 0:00:00,2018/6/27 0:00:00,2018-06-27,2018-06-28,0.406,实物资产,退市,
2018/1/19 0:00:00,0.3009,0.2874,0.293,0.2732,0.2887,1014,2893528,104,160,-0.759668851875545,1.03605881627985,0.00639206181778616,-0.0132307769516525,-0.0115006980559136,0.166478515625,3.4,6629.6,10000,10001194,510050P1806M03400,50ETF沽2018年6月3.40,510050.SH,ETF期权,认沽,欧式,3.4,10000,2018-06,2018/1/11 0:00:00,2018/6/27 0:00:00,2018-06-27,2018-06-28,0.406,实物资产,退市,
2018/1/22 0:00:00,0.2887,0.2852,0.2908,0.2775,0.2782,450,1276752,103,157,-0.746747587232187,1.07045057016915,0.00654498415579188,-0.0203611160996277,-0.0111126223930036,0.167869885253906,3.4,6536.8,10000,10001194,510050P1806M03400,50ETF沽2018年6月3.40,510050.SH,ETF期权,认沽,欧式,3.4,10000,2018-06,2018/1/11 0:00:00,2018/6/27 0:00:00,2018-06-27,2018-06-28,0.406,实物资产,退市,
2018/1/23 0:00:00,0.2782,0.2681,0.2682,0.2524,0.2524,363,944031,102,156,-0.696614560797246,1.14628212532904,0.00722564100633994,-0.0389667040882981,-0.0103731180348703,0.174533813476562,3.4,6332.6,10000,10001194,510050P1806M03400,50ETF沽2018年6月3.40,510050.SH,ETF期权,认沽,欧式,3.4,10000,2018-06,2018/1/11 0:00:00,2018/6/27 0:00:00,2018-06-27,2018-06-28,0.406,实物资产,退市,
2018/1/24 0:00:00,0.2524,0.2478,0.2696,0.2424,0.2609,665,1694712,101,155,-0.703133857576372,1.1605067945847,0.00712963393142282,-0.0356329189819143,-0.010385671104022,0.184895855712891,3.4,6398.4,10000,10001194,510050P1806M03400,50ETF沽2018年6月3.40,510050.SH,ETF期权,认沽,欧式,3.4,10000,2018-06,2018/1/11 0:00:00,2018/6/27 0:00:00,2018-06-27,2018-06-28,0.406,实物资产,退市,
2018/1/25 0:00:00,0.2609,0.26,0.2801,0.2527,0.2623,1690,4508949,100,154,-0.728541187657721,1.11878850143816,0.00676146705433529,-0.0279598476602816,-0.0106566666317972,0.166771435546875,3.4,6394,10000,10001194,510050P1806M03400,50ETF沽2018年6月3.40,510050.SH,ETF期权,认沽,欧式,3.4,10000,2018-06,2018/1/11 0:00:00,2018/6/27 0:00:00,2018-06-27,2018-06-28,0.406,实物资产,退市,
2018/1/26 0:00:00,0.2623,0.2621,0.2646,0.2308,0.2425,433,1071052,99,153,-0.705694381778564,1.15998588651108,0.00705280917910606,-0.0360061988348562,-0.0102851827206513,0.159796279907227,3.4,6245.2,10000,10001194,510050P1806M03400,50ETF沽2018年6月3.40,510050.SH,ETF期权,认沽,欧式,3.4,10000,2018-06,2018/1/11 0:00:00,2018/6/27 0:00:00,2018-06-27,2018-06-28,0.406,实物资产,退市,
2018/1/29 0:00:00,0.2425,0.2383,0.2849,0.2278,0.2825,2322,5544852,98,150,-0.763370867583399,1.03081681300997,0.0061373934377639,-0.0198939991009264,-0.010835770725482,0.158807675170898,3.4,6596.8,10000,10001194,510050P1806M03400,50ETF沽2018年6月3.40,510050.SH,ETF期权,认沽,欧式,3.4,10000,2018-06,2018/1/11 0:00:00,2018/6/27 0:00:00,2018-06-27,2018-06-28,0.406,实物资产,退市,
2018/1/30 0:00:00,0.2825,0.2874,0.3102,0.2768,0.3098,255,765763,97,149,-0.798286268659861,0.938357343263302,0.00551000698877587,-0.00703878428328779,-0.0112075308281936,0.154066033935547,3.4,6940,10000,10001194,510050P1806M03400,50ETF沽2018年6月3.40,510050.SH,ETF期权,认沽,欧式,3.4,10000,2018-06,2018/1/11 0:00:00,2018/6/27 0:00:00,2018-06-27,2018-06-28,0.406,实物资产,退市,
2018/1/31 0:00:00,0.3098,0.308,0.308,0.2856,0.2882,727,2133944,96,148,-0.76022443345793,1.01690838266349,0.00613837010934069,-0.0259940221107404,-0.010662615244489,0.166258825683594,3.4,6617.6,10000,10001194,510050P1806M03400,50ETF沽2018年6月3.40,510050.SH,ETF期权,认沽,欧式,3.4,10000,2018-06,2018/1/11 0:00:00,2018/6/27 0:00:00,2018-06-27,2018-06-28,0.406,实物资产,退市,
2018/2/1 0:00:00,0.2882,0.2886,0.2959,0.2743,0.2743,398,1136157,95,147,-0.740035876165249,1.05771487101318,0.00642883681857443,-0.0356626541137967,-0.0103392904496133,0.168052960205078,3.4,6503.8,10000,10001194,510050P1806M03400,50ETF沽2018年6月3.40,510050.SH,ETF期权,认沽,欧式,3.4,10000,2018-06,2018/1/11 0:00:00,2018/6/27 0:00:00,2018-06-27,2018-06-28,0.406,实物资产,退市,
2018/2/2 0:00:00,0.2743,0.2862,0.3096,0.2597,0.2623,349,984756,94,146,-0.730998786328454,1.08413769298063,0.00654205557728951,-0.0385313758628586,-0.0101520155435858,0.162304406738281,3.4,6397,10000,10001194,510050P1806M03400,50ETF沽2018年6月3.40,510050.SH,ETF期权,认沽,欧式,3.4,10000,2018-06,2018/1/11 0:00:00,2018/6/27 0:00:00,2018-06-27,2018-06-28,0.406,实物资产,退市,
2018/2/5 0:00:00,0.2623,0.2764,0.2892,0.2411,0.2411,239,644888,93,143,-0.693603500464104,1.14430010747569,0.00696173494650089,-0.05423604261427,-0.00948276842170621,0.167833270263672,3.4,6227,10000,10001194,510050P1806M03400,50ETF沽2018年6月3.40,510050.SH,ETF期权,认沽,欧式,3.4,10000,2018-06,2018/1/11 0:00:00,2018/6/27 0:00:00,2018-06-27,2018-06-28,0.406,实物资产,退市,
2018/2/6 0:00:00,0.2411,0.255,0.3151,0.255,0.3129,405,1198350,92,142,-0.759340901476774,0.99409241293325,0.00601804915595892,-0.0358944214108936,-0.0102345831501988,0.201427523803711,3.4,6862,10000,10001194,510050P1806M03400,50ETF沽2018年6月3.40,510050.SH,ETF期权,认沽,欧式,3.4,10000,2018-06,2018/1/11 0:00:00,2018/6/27 0:00:00,2018-06-27,2018-06-28,0.406,实物资产,退市,
2018/2/7 0:00:00,0.3129,0.3021,0.3828,0.2613,0.378,1291,4513418,91,141,-0.823979076956466,0.805849990426503,0.00484393353438968,-0.0112471118020894,-0.0109424781891756,0.20221474609375,3.4,7407.6,10000,10001194,510050P1806M03400,50ETF沽2018年6月3.40,510050.SH,ETF期权,认沽,欧式,3.4,10000,2018-06,2018/1/11 0:00:00,2018/6/27 0:00:00,2018-06-27,2018-06-28,0.406,实物资产,退市,
2018/2/8 0:00:00,0.378,0.3956,0.4721,0.3806,0.4478,2430,10593748,90,140,-0.871294352272096,0.639840924470353,0.00381023475957812,0.0113305282558642,-0.0114176112444841,0.206022705078125,3.4,8136.8,10000,10001194,510050P1806M03400,50ETF沽2018年6月3.40,510050.SH,ETF期权,认沽,欧式,3.4,10000,2018-06,2018/1/11 0:00:00,2018/6/27 0:00:00,2018-06-27,2018-06-28,0.406,实物资产,退市,
2018/2/9 0:00:00,0.4478,0.499,0.7006,0.499,0.645,1887,11932055,89,139,-0.914614544224808,0.442727064489091,0.00269105431449088,0.0334200400527664,-0.0118357217056147,0.382030963134766,3.4,9813.6,10000,10001194,510050P1806M03400,50ETF沽2018年6月3.40,510050.SH,ETF期权,认沽,欧式,3.4,10000,2018-06,2018/1/11 0:00:00,2018/6/27 0:00:00,2018-06-27,2018-06-28,0.406,实物资产,退市,
2018/2/12 0:00:00,0.645,0.6203,0.6403,0.5773,0.6001,269,1619560,88,136,-0.918996322825218,0.430991972058074,0.00255553052178742,0.0358070778674866,-0.0116250453955642,0.289944262695312,3.4,9387,10000,10001194,510050P1806M03400,50ETF沽2018年6月3.40,510050.SH,ETF期权,认沽,欧式,3.4,10000,2018-06,2018/1/11 0:00:00,2018/6/27 0:00:00,2018-06-27,2018-06-28,0.406,实物资产,退市,
2018/2/13 0:00:00,0.6001,0.5526,0.5696,0.5308,0.5659,434,2383720,87,135,-0.895352436120722,0.509622314536393,0.00313016781277054,0.0163103461661508,-0.0112958206823913,0.300525994873047,3.4,9076.6,10000,10001194,510050P1806M03400,50ETF沽2018年6月3.40,510050.SH,ETF期权,认沽,欧式,3.4,10000,2018-06,2018/1/11 0:00:00,2018/6/27 0:00:00,2018-06-27,2018-06-28,0.406,实物资产,退市,
2018/2/14 0:00:00,0.5659,0.5493,0.563,0.546,0.546,77,431162,86,134,-0.89147730455131,0.530905123155499,0.00322163652229977,0.0137817553026627,-0.0111678286227752,0.289395037841797,3.4,8899.2,10000,10001194,510050P1806M03400,50ETF沽2018年6月3.40,510050.SH,ETF期权,认沽,欧式,3.4,10000,2018-06,2018/1/11 0:00:00,2018/6/27 0:00:00,2018-06-27,2018-06-28,0.406,实物资产,退市,
2018/2/22 0:00:00,0.546,0.5266,0.5266,0.482,0.4827,131,637780,85,126,-0.861288898680011,0.624390664026652,0.00378600587068574,-0.0133967063510698,-0.0102011300029657,0.260469195556641,3.4,8409,10000,10001194,510050P1806M03400,50ETF沽2018年6月3.40,510050.SH,ETF期权,认沽,欧式,3.4,10000,2018-06,2018/1/11 0:00:00,2018/6/27 0:00:00,2018-06-27,2018-06-28,0.406,实物资产,退市,
2018/2/23 0:00:00,0.4827,0.4661,0.4661,0.4465,0.4475,91,417474,84,125,-0.845400788911486,0.672940605547143,0.0040971389382822,-0.0247575160505899,-0.00995881001376741,0.23736513671875,3.4,8046,10000,10001194,510050P1806M03400,50ETF沽2018年6月3.40,510050.SH,ETF期权,认沽,欧式,3.4,10000,2018-06,2018/1/11 0:00:00,2018/6/27 0:00:00,2018-06-27,2018-06-28,0.406,实物资产,退市,
2018/2/26 0:00:00,0.4475,0.419,0.456,0.4178,0.4314,222,968650,83,122,-0.843442623514509,0.685841357008617,0.00409482641727648,-0.0297949558908665,-0.00969972990943008,0.219570251464844,3.4,7908,10000,10001194,510050P1806M03400,50ETF沽2018年6月3.40,510050.SH,ETF期权,认沽,欧式,3.4,10000,2018-06,2018/1/11 0:00:00,2018/6/27 0:00:00,2018-06-27,2018-06-28,0.406,实物资产,退市,
2018/2/27 0:00:00,0.4314,0.4297,0.4793,0.4297,0.4767,302,1400262,82,121,-0.879043032886148,0.598045382535937,0.00336801620861043,-0.00380095847848963,-0.00996012619472072,0.237731286621094,3.4,8356,10000,10001194,510050P1806M03400,50ETF沽2018年6月3.40,510050.SH,ETF期权,认沽,欧式,3.4,10000,2018-06,2018/1/11 0:00:00,2018/6/27 0:00:00,2018-06-27,2018-06-28,0.406,实物资产,退市,
2018/2/28 0:00:00,0.4767,0.5028,0.5273,0.4934,0.5169,102,516379,81,120,-0.904066720759415,0.509741912756453,0.00279073845283215,0.0130864865300792,-0.0101175878786763,0.232971337890625,3.4,8735.2,10000,10001194,510050P1806M03400,50ETF沽2018年6月3.40,510050.SH,ETF期权,认沽,欧式,3.4,10000,2018-06,2018/1/11 0:00:00,2018/6/27 0:00:00,2018-06-27,2018-06-28,0.406,实物资产,退市,
2018/3/1 0:00:00,0.5169,0.528,0.528,0.4841,0.5002,242,1217027,80,119,-0.898895170509502,0.530558993726721,0.00290097411498714,0.00876439457986611,-0.00998398622105159,0.217483197021484,3.4,8620.8,10000,10001194,510050P1806M03400,50ETF沽2018年6月3.40,510050.SH,ETF期权,认沽,欧式,3.4,10000,2018-06,2018/1/11 0:00:00,2018/6/27 0:00:00,2018-06-27,2018-06-28,0.406,实物资产,退市,
2018/3/2 0:00:00,0.5002,0.5305,0.5336,0.5037,0.5149,157,814236,79,118,-0.913281662415879,0.47890340529574,0.00255413621721673,0.0210363698881075,-0.010031431260997,0.175412573242188,3.4,8867.2,10000,10001194,510050P1806M03400,50ETF沽2018年6月3.40,510050.SH,ETF期权,认沽,欧式,3.4,10000,2018-06,2018/1/11 0:00:00,2018/6/27 0:00:00,2018-06-27,2018-06-28,0.406,实物资产,退市,
2018/3/5 0:00:00,0.5149,0.5031,0.5398,0.4986,0.5302,194,1019774,78,115,-0.917127491020132,0.469182903132201,0.00243601098549608,0.0233788787498971,-0.0098088124067226,0.232971337890625,3.4,8876,10000,10001194,510050P1806M03400,50ETF沽2018年6月3.40,510050.SH,ETF期权,认沽,欧式,3.4,10000,2018-06,2018/1/11 0:00:00,2018/6/27 0:00:00,2018-06-27,2018-06-28,0.406,实物资产,退市,
2018/3/6 0:00:00,0.5302,0.5062,0.5444,0.5027,0.5027,128,679750,77,114,-0.901740578503182,0.528452527625394,0.00278410500841419,0.00973041704237916,-0.00958617281898093,0.237218676757812,3.4,8585.6,10000,10001194,510050P1806M03400,50ETF沽2018年6月3.40,510050.SH,ETF期权,认沽,欧式,3.4,10000,2018-06,2018/1/11 0:00:00,2018/6/27 0:00:00,2018-06-27,2018-06-28,0.406,实物资产,退市,
2018/3/7 0:00:00,0.5027,0.4939,0.5277,0.4694,0.5203,318,1589048,76,113,-0.911876906862228,0.493027126238762,0.00254240175635953,0.0173836047029691,-0.00959144959029037,0.245347204589844,3.4,8735.2,10000,10001194,510050P1806M03400,50ETF沽2018年6月3.40,510050.SH,ETF期权,认沽,欧式,3.4,10000,2018-06,2018/1/11 0:00:00,2018/6/27 0:00:00,2018-06-27,2018-06-28,0.406,实物资产,退市,
2018/3/8 0:00:00,0.5203,0.5081,0.5213,0.4965,0.5007,62,316074,75,112,-0.901653434282867,0.53277719323451,0.00276592943979515,0.00841983195251247,-0.00941611087797735,0.244029064941406,3.4,8541.6,10000,10001194,510050P1806M03400,50ETF沽2018年6月3.40,510050.SH,ETF期权,认沽,欧式,3.4,10000,2018-06,2018/1/11 0:00:00,2018/6/27 0:00:00,2018-06-27,2018-06-28,0.406,实物资产,退市,
2018/3/9 0:00:00,0.5007,0.4822,0.4979,0.4786,0.4905,374,1824255,74,111,-0.901034514681248,0.543530700685439,0.00277567621576243,0.00825889621631869,-0.00932374355607652,0.239635266113281,3.4,8453.6,10000,10001194,510050P1806M03400,50ETF沽2018年6月3.40,510050.SH,ETF期权,认沽,欧式,3.4,10000,2018-06,2018/1/11 0:00:00,2018/6/27 0:00:00,2018-06-27,2018-06-28,0.406,实物资产,退市,
2018/3/12 0:00:00,0.4905,0.4772,0.4832,0.4762,0.4817,63,301315,73,108,-0.905672685297936,0.536160561855019,0.00264454408658264,0.0119053864176955,-0.00910735410415419,0.220009631347656,3.4,8436,10000,10001194,510050P1806M03400,50ETF沽2018年6月3.40,510050.SH,ETF期权,认沽,欧式,3.4,10000,2018-06,2018/1/11 0:00:00,2018/6/27 0:00:00,2018-06-27,2018-06-28,0.406,实物资产,退市,
2018/3/13 0:00:00,0.4817,0.4893,0.52,0.4812,0.52,220,1090731,72,107,-0.922451644083587,0.469564566934833,0.00224808054632209,0.0269998479570834,-0.00916269070918499,0.252889892578125,3.4,8717.6,10000,10001194,510050P1806M03400,50ETF沽2018年6月3.40,510050.SH,ETF期权,认沽,欧式,3.4,10000,2018-06,2018/1/11 0:00:00,2018/6/27 0:00:00,2018-06-27,2018-06-28,0.406,实物资产,退市,
2018/3/14 0:00:00,0.52,0.5248,0.5326,0.5248,0.5276,162,856407,71,106,-0.92861971327626,0.445336486936985,0.00209294803944278,0.0324877741082398,-0.00912702927103441,0.250033923339844,3.4,8805.6,10000,10001194,510050P1806M03400,50ETF沽2018年6月3.40,510050.SH,ETF期权,认沽,欧式,3.4,10000,2018-06,2018/1/11 0:00:00,2018/6/27 0:00:00,2018-06-27,2018-06-28,0.406,实物资产,退市,
2018/3/15 0:00:00,0.5276,0.5232,0.527,0.503,0.5056,183,940202,70,105,-0.917553662131196,0.495737884359309,0.00234611900782008,0.0223943589323205,-0.00894906007974123,0.254720642089844,3.4,8568,10000,10001194,510050P1806M03400,50ETF沽2018年6月3.40,510050.SH,ETF期权,认沽,欧式,3.4,10000,2018-06,2018/1/11 0:00:00,2018/6/27 0:00:00,2018-06-27,2018-06-28,0.406,实物资产,退市,
2018/3/16 0:00:00,0.5056,0.5008,0.521,0.4881,0.5207,224,1126566,69,104,-0.934327434954225,0.427938090020904,0.00194316064746039,0.0380796406378151,-0.00899804256775387,0.223524670410156,3.4,8814.4,10000,10001194,510050P1806M03400,50ETF沽2018年6月3.40,510050.SH,ETF期权,认沽,欧式,3.4,10000,2018-06,2018/1/11 0:00:00,2018/6/27 0:00:00,2018-06-27,2018-06-28,0.406,实物资产,退市,
2018/3/19 0:00:00,0.5207,0.5309,0.5315,0.513,0.5196,75,389487,68,101,-0.923793380878563,0.48088564688693,0.00216899845358461,0.0267233719118211,-0.00865393991679467,0.298512170410156,3.4,8560.4,10000,10001194,510050P1806M03400,50ETF沽2018年6月3.40,510050.SH,ETF期权,认沽,欧式,3.4,10000,2018-06,2018/1/11 0:00:00,2018/6/27 0:00:00,2018-06-27,2018-06-28,0.406,实物资产,退市,
2018/3/20 0:00:00,0.5196,0.5053,0.5209,0.5053,0.5067,56,288850,67,100,-0.924164166343564,0.482316634009658,0.0021523575166032,0.0268347421291207,-0.00857016148473066,0.272222607421875,3.4,8524,10000,10001194,510050P1806M03400,50ETF沽2018年6月3.40,510050.SH,ETF期权,认沽,欧式,3.4,10000,2018-06,2018/1/11 0:00:00,2018/6/27 0:00:00,2018-06-27,2018-06-28,0.406,实物资产,退市,
2018/3/21 0:00:00,0.5067,0.4822,0.5241,0.4786,0.5213,67,342195,66,99,-0.932154447298039,0.450024898652555,0.00195870140781615,0.0334528919554984,-0.00854571256850709,0.286868603515625,3.4,8643.8,10000,10001194,510050P1806M03400,50ETF沽2018年6月3.40,510050.SH,ETF期权,认沽,欧式,3.4,10000,2018-06,2018/1/11 0:00:00,2018/6/27 0:00:00,2018-06-27,2018-06-28,0.406,实物资产,退市,
2018/3/22 0:00:00,0.5213,0.5053,0.5502,0.5015,0.5377,274,1459881,65,98,-0.943861808259489,0.392206593211484,0.00166509723315682,0.0438704760430394,-0.00854884129274443,0.267755578613281,3.4,8859.4,10000,10001194,510050P1806M03400,50ETF沽2018年6月3.40,510050.SH,ETF期权,认沽,欧式,3.4,10000,2018-06,2018/1/11 0:00:00,2018/6/27 0:00:00,2018-06-27,2018-06-28,0.406,实物资产,退市,
2018/3/23 0:00:00,0.5377,0.6282,0.668,0.6114,0.6622,544,3490479,64,97,-0.965392374006667,0.267278551558476,0.00109189778463992,0.0644340953676807,-0.00862346435511927,0.432376574707031,3.4,9959.2,10000,10001194,510050P1806M03400,50ETF沽2018年6月3.40,510050.SH,ETF期权,认沽,欧式,3.4,10000,2018-06,2018/1/11 0:00:00,2018/6/27 0:00:00,2018-06-27,2018-06-28,0.406,实物资产,退市,
2018/3/26 0:00:00,0.6622,0.6689,0.6925,0.6448,0.671,356,2378684,63,94,-0.976682901210308,0.196297472154984,0.00076071005710143,0.0785317975842232,-0.00843430326284501,0.358267834472656,3.4,9988.8,10000,10001194,510050P1806M03400,50ETF沽2018年6月3.40,510050.SH,ETF期权,认沽,欧式,3.4,10000,2018-06,2018/1/11 0:00:00,2018/6/27 0:00:00,2018-06-27,2018-06-28,0.406,实物资产,退市,
2018/3/27 0:00:00,0.671,0.6411,0.6838,0.6411,0.6781,67,446407,62,93,-0.976545194227197,0.198356121600322,0.000761758088092226,0.0792650055053974,-0.00834245405848017,0.394443444824219,3.4,9951.8,10000,10001194,510050P1806M03400,50ETF沽2018年6月3.40,510050.SH,ETF期权,认沽,欧式,3.4,10000,2018-06,2018/1/11 0:00:00,2018/6/27 0:00:00,2018-06-27,2018-06-28,0.406,实物资产,退市,
2018/3/28 0:00:00,0.6781,0.6939,0.7203,0.6939,0.7203,22,154969,61,92,-0.984283313927354,0.142510887499688,0.000529066914240026,0.0887991726316976,-0.00830520575347853,0.393491455078125,3.4,10486.6,10000,10001194,510050P1806M03400,50ETF沽2018年6月3.40,510050.SH,ETF期权,认沽,欧式,3.4,10000,2018-06,2018/1/11 0:00:00,2018/6/27 0:00:00,2018-06-27,2018-06-28,0.406,实物资产,退市,
2018/3/29 0:00:00,0.7203,0.7234,0.746,0.658,0.658,212,1493537,60,91,-0.975423357096238,0.202799975386408,0.000782169014478352,0.0766921850717022,-0.00815575475232142,0.314988916015625,3.4,10003.8,10000,10001194,510050P1806M03400,50ETF沽2018年6月3.40,510050.SH,ETF期权,认沽,欧式,3.4,10000,2018-06,2018/1/11 0:00:00,2018/6/27 0:00:00,2018-06-27,2018-06-28,0.406,实物资产,退市,
2018/3/30 0:00:00,0.658,0.6433,0.6839,0.6317,0.6806,38,257866,59,90,-0.980032085082387,0.1724817679928,0.000647762948297648,0.0825115306747894,-0.00809627553258358,0.33109951171875,3.4,10125.6,10000,10001194,510050P1806M03400,50ETF沽2018年6月3.40,510050.SH,ETF期权,认沽,欧式,3.4,10000,2018-06,2018/1/11 0:00:00,2018/6/27 0:00:00,2018-06-27,2018-06-28,0.406,实物资产,退市,
2018/4/2 0:00:00,0.6806,0.6828,0.6894,0.6495,0.689,127,844432,58,87,-0.985220751400432,0.138716047292959,0.000490403370342175,0.0881111265746569,-0.00785835727786996,0.32524111328125,3.4,10260.4,10000,10001194,510050P1806M03400,50ETF沽2018年6月3.40,510050.SH,ETF期权,认沽,欧式,3.4,10000,2018-06,2018/1/11 0:00:00,2018/6/27 0:00:00,2018-06-27,2018-06-28,0.406,实物资产,退市,
2018/4/3 0:00:00,0.689,0.7137,0.7193,0.6858,0.6986,42,298540,57,86,-0.987141543777444,0.12452845367208,0.000430936734889038,0.0912481747565784,-0.00777926235580227,0.333076721191406,3.4,10301.6,10000,10001194,510050P1806M03400,50ETF沽2018年6月3.40,510050.SH,ETF期权,认沽,欧式,3.4,10000,2018-06,2018/1/11 0:00:00,2018/6/27 0:00:00,2018-06-27,2018-06-28,0.406,实物资产,退市,
2018/4/4 0:00:00,0.6986,0.6907,0.6959,0.6725,0.6953,72,495824,56,85,-0.987539296925791,0.121875088883039,0.000417056564761539,0.0903593028331287,-0.00769148959510069,0.320700854492187,3.4,10292.8,10000,10001194,510050P1806M03400,50ETF沽2018年6月3.40,510050.SH,ETF期权,认沽,欧式,3.4,10000,2018-06,2018/1/11 0:00:00,2018/6/27 0:00:00,2018-06-27,2018-06-28,0.406,实物资产,退市,
2018/4/9 0:00:00,0.6953,0.6923,0.7025,0.6769,0.686,88,607315,55,80,-0.988893419490421,0.114548281065878,0.000368334562876763,0.0908492599023258,-0.00724453817245891,0.352116516113281,3.4,10143.2,10000,10001194,510050P1806M03400,50ETF沽2018年6月3.40,510050.SH,ETF期权,认沽,欧式,3.4,10000,2018-06,2018/1/11 0:00:00,2018/6/27 0:00:00,2018-06-27,2018-06-28,0.406,实物资产,退市,
2018/4/10 0:00:00,0.686,0.6665,0.6743,0.6206,0.6206,68,442063,54,79,-0.976858325767882,0.205309073882825,0.000702633100426318,0.0731497684759524,-0.00708318983838707,0.318284265136719,3.4,9580,10000,10001194,510050P1806M03400,50ETF沽2018年6月3.40,510050.SH,ETF期权,认沽,欧式,3.4,10000,2018-06,2018/1/11 0:00:00,2018/6/27 0:00:00,2018-06-27,2018-06-28,0.406,实物资产,退市,
2018/4/11 0:00:00,0.6206,0.6181,0.6194,0.603,0.6194,113,691243,53,78,-0.977688825644914,0.200461262768174,0.00067693914134892,0.074078225570293,-0.00699764879681395,0.313817236328125,3.4,9580,10000,10001194,510050P1806M03400,50ETF沽2018年6月3.40,510050.SH,ETF期权,认沽,欧式,3.4,10000,2018-06,2018/1/11 0:00:00,2018/6/27 0:00:00,2018-06-27,2018-06-28,0.406,实物资产,退市,
2018/4/12 0:00:00,0.6194,0.6257,0.6425,0.6257,0.6425,107,675428,52,77,-0.983836612916147,0.154598850183526,0.000505207313332551,0.0816871291476984,-0.00694307012559142,0.271197387695313,3.4,9870.4,10000,10001194,510050P1806M03400,50ETF沽2018年6月3.40,510050.SH,ETF期权,认沽,欧式,3.4,10000,2018-06,2018/1/11 0:00:00,2018/6/27 0:00:00,2018-06-27,2018-06-28,0.406,实物资产,退市,
2018/4/13 0:00:00,0.6425,0.6348,0.6706,0.6348,0.6706,45,295316,51,76,-0.987736921251922,0.123569106888395,0.000391979906218439,0.0871512183559505,-0.00687421579026789,0.302246899414063,3.4,10090.4,10000,10001194,510050P1806M03400,50ETF沽2018年6月3.40,510050.SH,ETF期权,认沽,欧式,3.4,10000,2018-06,2018/1/11 0:00:00,2018/6/27 0:00:00,2018-06-27,2018-06-28,0.406,实物资产,退市,
2018/4/16 0:00:00,0.6706,0.6899,0.7365,0.6889,0.7328,106,762088,50,73,-0.99389500204736,0.068876215791608,0.000203602479940478,0.0956616025585006,-0.00663400441722711,0.328902612304688,3.4,10636,10000,10001194,510050P1806M03400,50ETF沽2018年6月3.40,510050.SH,ETF期权,认沽,欧式,3.4,10000,2018-06,2018/1/11 0:00:00,2018/6/27 0:00:00,2018-06-27,2018-06-28,0.406,实物资产,退市,
2018/4/17 0:00:00,0.7328,0.7345,0.762,0.7136,0.76,415,3069144,49,72,-0.995913762883498,0.0490849014900135,0.000139854670499753,0.0988531284086161,-0.00655287348479396,0.325973413085937,3.4,10891.2,10000,10001194,510050P1806M03400,50ETF沽2018年6月3.40,510050.SH,ETF期权,认沽,欧式,3.4,10000,2018-06,2018/1/11 0:00:00,2018/6/27 0:00:00,2018-06-27,2018-06-28,0.406,实物资产,退市,
2018/4/18 0:00:00,0.76,0.7382,0.7614,0.7327,0.7393,380,2835288,48,71,-0.995233948492584,0.0561739832768813,0.000160365255282152,0.0892075884085887,-0.00646076064219662,0.246152734375,3.4,10741.6,10000,10001194,510050P1806M03400,50ETF沽2018年6月3.40,510050.SH,ETF期权,认沽,欧式,3.4,10000,2018-06,2018/1/11 0:00:00,2018/6/27 0:00:00,2018-06-27,2018-06-28,0.406,实物资产,退市,
2018/4/19 0:00:00,0.7393,0.7266,0.7266,0.6992,0.7178,312,2210650,47,70,-0.99320068693079,0.0763055156823593,0.000220979523737281,0.0870889588435382,-0.00635813641526348,0.352922045898438,3.4,10451.2,10000,10001194,510050P1806M03400,50ETF沽2018年6月3.40,510050.SH,ETF期权,认沽,欧式,3.4,10000,2018-06,2018/1/11 0:00:00,2018/6/27 0:00:00,2018-06-27,2018-06-28,0.406,实物资产,退市,
2018/4/20 0:00:00,0.7178,0.725,0.7577,0.7164,0.7557,233,1748168,46,69,-0.995846159756732,0.0502134128359666,0.000139474424157306,0.0932907618577154,-0.00627903592334743,0.36624990234375,3.4,10794.4,10000,10001194,510050P1806M03400,50ETF沽2018年6月3.40,510050.SH,ETF期权,认沽,欧式,3.4,10000,2018-06,2018/1/11 0:00:00,2018/6/27 0:00:00,2018-06-27,2018-06-28,0.406,实物资产,退市,
2018/4/23 0:00:00,0.7557,0.7427,0.7524,0.7211,0.7453,114,842433,45,66,-0.995517365375819,0.0544941181922132,0.000147134523157637,0.0938658763636446,-0.00600138166121893,0.422124377441406,3.4,10609.6,10000,10001194,510050P1806M03400,50ETF沽2018年6月3.40,510050.SH,ETF期权,认沽,欧式,3.4,10000,2018-06,2018/1/11 0:00:00,2018/6/27 0:00:00,2018-06-27,2018-06-28,0.406,实物资产,退市,
2018/4/24 0:00:00,0.7453,0.6965,0.6975,0.6582,0.6742,202,1374520,44,65,-0.989994813474158,0.106463675441906,0.000303474742239422,0.0821379344749669,-0.00588397260972744,0.32992783203125,3.4,10081.6,10000,10001194,510050P1806M03400,50ETF沽2018年6月3.40,510050.SH,ETF期权,认沽,欧式,3.4,10000,2018-06,2018/1/11 0:00:00,2018/6/27 0:00:00,2018-06-27,2018-06-28,0.406,实物资产,退市,
2018/4/25 0:00:00,0.6742,0.6796,0.6876,0.6746,0.6833,523,3563653,43,64,-0.993077151916286,0.078816670404107,0.000215900906292953,0.0880701632684845,-0.00580668525498089,0,3.4,10301.6,10000,10001194,510050P1806M03400,50ETF沽2018年6月3.40,510050.SH,ETF期权,认沽,欧式,3.4,10000,2018-06,2018/1/11 0:00:00,2018/6/27 0:00:00,2018-06-27,2018-06-28,0.406,实物资产,退市,
2018/4/26 0:00:00,0.6833,0.6766,0.7335,0.6749,0.7243,1300,9154355,42,63,-0.995688135032735,0.0526488554315361,0.000138640993930573,0.09310830784996,-0.00572680395244542,0,3.4,10636,10000,10001194,510050P1806M03400,50ETF沽2018年6月3.40,510050.SH,ETF期权,认沽,欧式,3.4,10000,2018-06,2018/1/11 0:00:00,2018/6/27 0:00:00,2018-06-27,2018-06-28,0.406,实物资产,退市,
2018/4/27 0:00:00,0.7243,0.713,0.7703,0.713,0.7362,691,5170861,41,62,-0.996647178943369,0.0426706573182677,0.000109216018703986,0.0945823562113958,-0.00563921841259226,0,3.4,10750.4,10000,10001194,510050P1806M03400,50ETF沽2018年6月3.40,510050.SH,ETF期权,认沽,欧式,3.4,10000,2018-06,2018/1/11 0:00:00,2018/6/27 0:00:00,2018-06-27,2018-06-28,0.406,实物资产,退市,
2018/5/2 0:00:00,0.7362,0.7254,0.7418,0.7211,0.7394,93,681643,40,57,-0.997838754434043,0.0302531933046521,7.04985681168625E-05,0.0970796217082475,-0.00518375800017709,0.2719296875,3.4,10715.2,10000,10001194,510050P1806M03400,50ETF沽2018年6月3.40,510050.SH,ETF期权,认沽,欧式,3.4,10000,2018-06,2018/1/11 0:00:00,2018/6/27 0:00:00,2018-06-27,2018-06-28,0.406,实物资产,退市,
2018/5/3 0:00:00,0.7394,0.7362,0.756,0.7162,0.7295,132,977790,39,56,-0.997762011928996,0.03137418365192,7.23292787412064E-05,0.0953794724592805,-0.00509162368867004,0,3.4,10644.8,10000,10001194,510050P1806M03400,50ETF沽2018年6月3.40,510050.SH,ETF期权,认沽,欧式,3.4,10000,2018-06,2018/1/11 0:00:00,2018/6/27 0:00:00,2018-06-27,2018-06-28,0.406,实物资产,退市,
2018/5/4 0:00:00,0.7295,0.7281,0.7498,0.7225,0.7425,170,1256101,38,55,-0.998466794456505,0.0226158058919665,5.04329580218374E-05,0.0956129382269364,-0.00500249101342135,0,3.4,10820.8,10000,10001194,510050P1806M03400,50ETF沽2018年6月3.40,510050.SH,ETF期权,认沽,欧式,3.4,10000,2018-06,2018/1/11 0:00:00,2018/6/27 0:00:00,2018-06-27,2018-06-28,0.406,实物资产,退市,
2018/5/7 0:00:00,0.7425,0.7473,0.7473,0.7145,0.7145,22,162250,37,52,-0.997727593061901,0.0324571535532337,7.11514269460271E-05,0.0935164999231981,-0.00472297339073073,0.305029638671875,3.4,10468.8,10000,10001194,510050P1806M03400,50ETF沽2018年6月3.40,510050.SH,ETF期权,认沽,欧式,3.4,10000,2018-06,2018/1/11 0:00:00,2018/6/27 0:00:00,2018-06-27,2018-06-28,0.406,实物资产,退市,
2018/5/8 0:00:00,0.7145,0.6958,0.6958,0.6641,0.674,81,544898,36,51,-0.996302438004878,0.0499761939744099,0.000110905415948364,0.0898057521782682,-0.00462550969066377,0.274273046875,3.4,10116.8,10000,10001194,510050P1806M03400,50ETF沽2018年6月3.40,510050.SH,ETF期权,认沽,欧式,3.4,10000,2018-06,2018/1/11 0:00:00,2018/6/27 0:00:00,2018-06-27,2018-06-28,0.406,实物资产,退市,
2018/5/9 0:00:00,0.674,0.679,0.6841,0.6717,0.6841,175,1185811,35,50,-0.996872775937466,0.043677456190075,9.43413475851867E-05,0.0912773817949792,-0.00453535732543038,0.368300341796875,3.4,10143.2,10000,10001194,510050P1806M03400,50ETF沽2018年6月3.40,510050.SH,ETF期权,认沽,欧式,3.4,10000,2018-06,2018/1/11 0:00:00,2018/6/27 0:00:00,2018-06-27,2018-06-28,0.406,实物资产,退市,
2018/5/10 0:00:00,0.6841,0.6562,0.6768,0.6562,0.6605,227,1514697,34,49,-0.996819491193559,0.0449255959424624,9.52241962213877E-05,0.0909002431282579,-0.00444295299410171,0,3.4,10037.6,10000,10001194,510050P1806M03400,50ETF沽2018年6月3.40,510050.SH,ETF期权,认沽,欧式,3.4,10000,2018-06,2018/1/11 0:00:00,2018/6/27 0:00:00,2018-06-27,2018-06-28,0.406,实物资产,退市,
2018/5/11 0:00:00,0.6605,0.6558,0.6681,0.6515,0.6648,363,2399118,33,48,-0.997462253429697,0.0372613416397033,7.66688006894998E-05,0.0926155076033026,-0.00435291818172899,0,3.4,10099.2,10000,10001194,510050P1806M03400,50ETF沽2018年6月3.40,510050.SH,ETF期权,认沽,欧式,3.4,10000,2018-06,2018/1/11 0:00:00,2018/6/27 0:00:00,2018-06-27,2018-06-28,0.406,实物资产,退市,
2018/5/14 0:00:00,0.6648,0.6424,0.6504,0.6311,0.6429,580,3718564,32,45,-0.996966791147033,0.0445005090417788,8.80653557084848E-05,0.0916412967077794,-0.00407428345985838,0,3.4,9844,10000,10001194,510050P1806M03400,50ETF沽2018年6月3.40,510050.SH,ETF期权,认沽,欧式,3.4,10000,2018-06,2018/1/11 0:00:00,2018/6/27 0:00:00,2018-06-27,2018-06-28,0.406,实物资产,退市,
2018/5/15 0:00:00,0.6429,0.6407,0.6598,0.6405,0.6405,157,1017202,31,44,-0.997630950577099,0.0363579699468491,6.9518598229765E-05,0.093955666488537,-0.00398402106984806,0,3.4,9888,10000,10001194,510050P1806M03400,50ETF沽2018年6月3.40,510050.SH,ETF期权,认沽,欧式,3.4,10000,2018-06,2018/1/11 0:00:00,2018/6/27 0:00:00,2018-06-27,2018-06-28,0.406,实物资产,退市,
2018/5/16 0:00:00,0.6405,0.6523,0.6819,0.651,0.6815,127,844110,30,43,-0.998943903230243,0.0180729388346236,3.24803511626914E-05,0.0991760668566053,-0.0038955411493953,0,3.4,10196,10000,10001194,510050P1806M03400,50ETF沽2018年6月3.40,510050.SH,ETF期权,认沽,欧式,3.4,10000,2018-06,2018/1/11 0:00:00,2018/6/27 0:00:00,2018-06-27,2018-06-28,0.406,实物资产,退市,
2018/5/17 0:00:00,0.6815,0.6784,0.6911,0.6746,0.686,398,2714993,29,42,-0.999515881287218,0.0092514708680495,1.55432494053482E-05,0.102553662093259,-0.00380459384396521,0,3.4,10336.8,10000,10001194,510050P1806M03400,50ETF沽2018年6月3.40,510050.SH,ETF期权,认沽,欧式,3.4,10000,2018-06,2018/1/11 0:00:00,2018/6/27 0:00:00,2018-06-27,2018-06-28,0.406,实物资产,退市,
2018/5/18 0:00:00,0.686,0.6912,0.6985,0.6517,0.6531,116,788683,28,41,-0.999230957258331,0.0144062739082484,2.39268783751991E-05,0.101788157296398,-0.00371124615038535,0,3.4,9949.6,10000,10001194,510050P1806M03400,50ETF沽2018年6月3.40,510050.SH,ETF期权,认沽,欧式,3.4,10000,2018-06,2018/1/11 0:00:00,2018/6/27 0:00:00,2018-06-27,2018-06-28,0.406,实物资产,退市,
2018/5/21 0:00:00,0.6531,0.6383,0.6497,0.6236,0.6497,348,2219259,27,38,-0.999897916369272,0.00257782573254434,3.5147509824741E-06,0.105992471263234,-0.00343535412885344,0,3.4,9923.2,10000,10001194,510050P1806M03400,50ETF沽2018年6月3.40,510050.SH,ETF期权,认沽,欧式,3.4,10000,2018-06,2018/1/11 0:00:00,2018/6/27 0:00:00,2018-06-27,2018-06-28,0.406,实物资产,退市,
2018/5/22 0:00:00,0.6497,0.6467,0.6684,0.6467,0.6684,26,173003,26,37,-0.999947881220028,0.00139352427549207,1.82795284265327E-06,0.105680744843645,-0.00334297372950275,0,3.4,10090.4,10000,10001194,510050P1806M03400,50ETF沽2018年6月3.40,510050.SH,ETF期权,认沽,欧式,3.4,10000,2018-06,2018/1/11 0:00:00,2018/6/27 0:00:00,2018-06-27,2018-06-28,0.406,实物资产,退市,
2018/5/23 0:00:00,0.6684,0.6756,0.7026,0.6756,0.7026,194,1340939,25,36,-0.999989492245862,0.0003159739341189,3.88223103896215E-07,0.105837439920375,-0.00325049763070225,0,3.4,10486.4,10000,10001194,510050P1806M03400,50ETF沽2018年6月3.40,510050.SH,ETF期权,认沽,欧式,3.4,10000,2018-06,2018/1/11 0:00:00,2018/6/27 0:00:00,2018-06-27,2018-06-28,0.406,实物资产,退市,
2018/5/24 0:00:00,0.7026,0.7056,0.721,0.7056,0.721,46,329528,24,35,-0.999995557782676,0.000142151660538082,1.67218276973388E-07,0.105907814743469,-0.00315790793416328,0,3.4,10636,10000,10001194,510050P1806M03400,50ETF沽2018年6月3.40,510050.SH,ETF期权,认沽,欧式,3.4,10000,2018-06,2018/1/11 0:00:00,2018/6/27 0:00:00,2018-06-27,2018-06-28,0.406,实物资产,退市,
2018/5/25 0:00:00,0.721,0.7208,0.7406,0.7132,0.7406,134,971235,23,34,-0.999998446247371,5.44523228716241E-05,6.02172196717061E-08,0.105940939689209,-0.00306529642178801,0.427470166015625,3.4,10644.8,10000,10001194,510050P1806M03400,50ETF沽2018年6月3.40,510050.SH,ETF期权,认沽,欧式,3.4,10000,2018-06,2018/1/11 0:00:00,2018/6/27 0:00:00,2018-06-27,2018-06-28,0.406,实物资产,退市,
2018/5/28 0:00:00,0.7406,0.7237,0.7237,0.7097,0.7166,51,364857,22,31,-0.999999294895937,2.67620507872723E-05,2.70183204880796E-08,0.10653266913565,-0.00278731271857027,0,3.4,10521.6,10000,10001194,510050P1806M03400,50ETF沽2018年6月3.40,510050.SH,ETF期权,认沽,欧式,3.4,10000,2018-06,2018/1/11 0:00:00,2018/6/27 0:00:00,2018-06-27,2018-06-28,0.406,实物资产,退市,
2018/5/29 0:00:00,0.7166,0.7282,0.7483,0.7282,0.7357,120,890382,21,30,-0.999999734246055,1.06974766234375E-05,1.03271156791952E-08,0.106482696307465,-0.00269463898662627,0,3.4,10636,10000,10001194,510050P1806M03400,50ETF沽2018年6月3.40,510050.SH,ETF期权,认沽,欧式,3.4,10000,2018-06,2018/1/11 0:00:00,2018/6/27 0:00:00,2018-06-27,2018-06-28,0.406,实物资产,退市,
2018/5/30 0:00:00,0.7357,0.7576,0.7859,0.7576,0.7858,294,2267598,20,29,-0.999999977755079,9.97183544683598E-07,9.02389538177217E-10,0.106936148059582,-0.00260191855320456,0,3.4,11111.2,10000,10001194,510050P1806M03400,50ETF沽2018年6月3.40,510050.SH,ETF期权,认沽,欧式,3.4,10000,2018-06,2018/1/11 0:00:00,2018/6/27 0:00:00,2018-06-27,2018-06-28,0.406,实物资产,退市,
2018/5/31 0:00:00,0.7858,0.7694,0.7727,0.7442,0.7472,146,1110516,19,28,-0.999999837527295,6.74093254101176E-06,6.1881489660376E-09,0.106809370579086,-0.00250921677306122,0.5074373046875,3.4,10671.2,10000,10001194,510050P1806M03400,50ETF沽2018年6月3.40,510050.SH,ETF期权,认沽,欧式,3.4,10000,2018-06,2018/1/11 0:00:00,2018/6/27 0:00:00,2018-06-27,2018-06-28,0.406,实物资产,退市,
2018/6/1 0:00:00,0.7472,0.7506,0.7565,0.7345,0.7539,176,1310925,18,27,-0.999999936591874,2.78018121489984E-06,2.43778286266465E-09,0.107262431753775,-0.00241646891295924,0.49630634765625,3.4,10741.6,10000,10001194,510050P1806M03400,50ETF沽2018年6月3.40,510050.SH,ETF期权,认沽,欧式,3.4,10000,2018-06,2018/1/11 0:00:00,2018/6/27 0:00:00,2018-06-27,2018-06-28,0.406,实物资产,退市,
2018/6/4 0:00:00,0.7539,0.7299,0.7299,0.7065,0.7065,105,751696,17,24,-0.999999891018586,4.83908900272837E-06,3.93439048049889E-09,0.107737060845786,-0.00213818332176344,0,3.4,10363.2,10000,10001194,510050P1806M03400,50ETF沽2018年6月3.40,510050.SH,ETF期权,认沽,欧式,3.4,10000,2018-06,2018/1/11 0:00:00,2018/6/27 0:00:00,2018-06-27,2018-06-28,0.406,实物资产,退市,
2018/6/5 0:00:00,0.7065,0.714,0.7153,0.7007,0.7007,60,426033,16,23,-0.999999906090459,4.26294509045723E-06,3.34458906429096E-09,0.107583919227635,-0.00204540269015542,0.4746302734375,3.4,10275.2,10000,10001194,510050P1806M03400,50ETF沽2018年6月3.40,510050.SH,ETF期权,认沽,欧式,3.4,10000,2018-06,2018/1/11 0:00:00,2018/6/27 0:00:00,2018-06-27,2018-06-28,0.406,实物资产,退市,
2018/6/6 0:00:00,0.7007,0.703,0.705,0.703,0.705,24,168880,15,22,-0.99999997823702,1.07316981515368E-06,7.90068228566046E-10,0.108609911907337,-0.00195256584025267,0,3.4,10363.2,10000,10001194,510050P1806M03400,50ETF沽2018年6月3.40,510050.SH,ETF期权,认沽,欧式,3.4,10000,2018-06,2018/1/11 0:00:00,2018/6/27 0:00:00,2018-06-27,2018-06-28,0.406,实物资产,退市,
2018/6/7 0:00:00,0.705,0.6898,0.6983,0.6775,0.6983,98,677165,14,21,-0.999999985286635,7.50258889625355E-07,5.28952585104211E-10,0.109154785772792,-0.00185973347865914,0,3.4,10292.8,10000,10001194,510050P1806M03400,50ETF沽2018年6月3.40,510050.SH,ETF期权,认沽,欧式,3.4,10000,2018-06,2018/1/11 0:00:00,2018/6/27 0:00:00,2018-06-27,2018-06-28,0.406,实物资产,退市,
2018/6/8 0:00:00,0.6983,0.7078,0.7518,0.7078,0.741,230,1706841,13,20,-1,4.7141310915856E-08,3.08592978729289E-11,0.109015385553546,-0.00176690655118973,0,3.4,10662.4,10000,10001194,510050P1806M03400,50ETF沽2018年6月3.40,510050.SH,ETF期权,认沽,欧式,3.4,10000,2018-06,2018/1/11 0:00:00,2018/6/27 0:00:00,2018-06-27,2018-06-28,0.406,实物资产,退市,
2018/6/11 0:00:00,0.741,0.7522,0.7549,0.7287,0.7364,299,2220786,12,17,-1,3.3150167041843E-09,1.8434473388104E-12,0.109257768566376,-0.0014883100224595,0.60942421875,3.4,10565.6,10000,10001194,510050P1806M03400,50ETF沽2018年6月3.40,510050.SH,ETF期权,认沽,欧式,3.4,10000,2018-06,2018/1/11 0:00:00,2018/6/27 0:00:00,2018-06-27,2018-06-28,0.406,实物资产,退市,
2018/6/12 0:00:00,0.7364,0.7249,0.7379,0.6997,0.7035,187,1348072,11,16,-1,5.89493000442447E-09,3.1531264041844E-12,0.110060891462725,-0.00139540024757342,0,3.4,10345.6,10000,10001194,510050P1806M03400,50ETF沽2018年6月3.40,510050.SH,ETF期权,认沽,欧式,3.4,10000,2018-06,2018/1/11 0:00:00,2018/6/27 0:00:00,2018-06-27,2018-06-28,0.406,实物资产,退市,
2018/6/13 0:00:00,0.7035,0.7125,0.7268,0.7103,0.726,160,1148334,10,15,-1,3.63619020049692E-10,1.78526468641337E-13,0.110043534119259,-0.00130248962711434,0.58301064453125,3.4,10486.4,10000,10001194,510050P1806M03400,50ETF沽2018年6月3.40,510050.SH,ETF期权,认沽,欧式,3.4,10000,2018-06,2018/1/11 0:00:00,2018/6/27 0:00:00,2018-06-27,2018-06-28,0.406,实物资产,退市,
2018/6/14 0:00:00,0.726,0.7244,0.7283,0.6975,0.7209,442,3164201,9,14,-1,7.76397124453512E-11,3.54745790270773E-14,0.109385044761428,-0.00120957052505501,0,3.4,10460,10000,10001194,510050P1806M03400,50ETF沽2018年6月3.40,510050.SH,ETF期权,认沽,欧式,3.4,10000,2018-06,2018/1/11 0:00:00,2018/6/27 0:00:00,2018-06-27,2018-06-28,0.406,实物资产,退市,
2018/6/15 0:00:00,0.7209,0.7207,0.7207,0.707,0.7165,417,2975808,8,13,-1,8.93541290503727E-12,3.75148092874384E-15,0.109306484745212,-0.00111662612393826,0,3.4,10433.6,10000,10001194,510050P1806M03400,50ETF沽2018年6月3.40,510050.SH,ETF期权,认沽,欧式,3.4,10000,2018-06,2018/1/11 0:00:00,2018/6/27 0:00:00,2018-06-27,2018-06-28,0.406,实物资产,退市,
2018/6/19 0:00:00,0.7165,0.7491,0.8122,0.7391,0.789,416,3216590,7,9,-1,3.02278943714217E-20,8.2981293338473E-24,0.109294114788441,-0.000744680255974226,0.891236669921875,3.4,11024.4,10000,10001194,510050P1806M03400,50ETF沽2018年6月3.40,510050.SH,ETF期权,认沽,欧式,3.4,10000,2018-06,2018/1/11 0:00:00,2018/6/27 0:00:00,2018-06-27,2018-06-28,0.406,实物资产,退市,
2018/6/20 0:00:00,0.789,0.8145,0.8145,0.7786,0.7844,413,3265290,6,8,-1,1.11396221291186E-23,2.64832628336655E-27,0.111612866023919,-0.000651644154367674,0,3.4,11032,10000,10001194,510050P1806M03400,50ETF沽2018年6月3.40,510050.SH,ETF期权,认沽,欧式,3.4,10000,2018-06,2018/1/11 0:00:00,2018/6/27 0:00:00,2018-06-27,2018-06-28,0.406,实物资产,退市,
2018/6/21 0:00:00,0.7844,0.7833,0.8084,0.7592,0.8077,1315,10276831,5,7,-1,4.94461382033091E-29,9.94942460920225E-33,0.111650081656382,-0.000558602327748389,0.94103720703125,3.4,11190.4,10000,10001194,510050P1806M03400,50ETF沽2018年6月3.40,510050.SH,ETF期权,认沽,欧式,3.4,10000,2018-06,2018/1/11 0:00:00,2018/6/27 0:00:00,2018-06-27,2018-06-28,0.406,实物资产,退市,
2018/6/22 0:00:00,0.8077,0.8187,0.8244,0.7944,0.8032,952,7733812,4,6,-1,3.30045886512072E-34,5.5640415936303E-38,0.111384979967666,-0.000465544361065655,1.10977314453125,3.4,11138.6,10000,10001194,510050P1806M03400,50ETF沽2018年6月3.40,510050.SH,ETF期权,认沽,欧式,3.4,10000,2018-06,2018/1/11 0:00:00,2018/6/27 0:00:00,2018-06-27,2018-06-28,0.406,实物资产,退市,
2018/6/25 0:00:00,0.8032,0.7954,0.8491,0.7878,0.8478,444,3631589,3,3,-1,1.13465615585826E-95,7.47394943703173E-100,0.111472768529031,-0.000186267897831799,0,3.4,11577.6,10000,10001194,510050P1806M03400,50ETF沽2018年6月3.40,510050.SH,ETF期权,认沽,欧式,3.4,10000,2018-06,2018/1/11 0:00:00,2018/6/27 0:00:00,2018-06-27,2018-06-28,0.406,实物资产,退市,
2018/6/26 0:00:00,0.8478,0.8689,0.9136,0.8634,0.8795,1245,10947289,2,2,-1,2.72996649781806E-221,8.50047907621547E-226,0.111414796028444,-9.31423216514964E-05,0,3.4,11824,10000,10001194,510050P1806M03400,50ETF沽2018年6月3.40,510050.SH,ETF期权,认沽,欧式,3.4,10000,2018-06,2018/1/11 0:00:00,2018/6/27 0:00:00,2018-06-27,2018-06-28,0.406,实物资产,退市,
2018/6/27 0:00:00,0.8795,0.8791,0.9535,0.8688,0.9395,1339,12158099,1,1,非数字,非数字,非数字,非数字,非数字,非数字,3.4,12308,10000,10001194,510050P1806M03400,50ETF沽2018年6月3.40,510050.SH,ETF期权,认沽,欧式,3.4,10000,2018-06,2018/1/11 0:00:00,2018/6/27 0:00:00,2018-06-27,2018-06-28,0.406,实物资产,退市,
