date,pre_close,open,high,low,close,volume,amt,ptmtradeday,ptmday,delta,gamma,vega,theta,rho,us_impliedvol,exe_price,maint_margin,exe_ratio,wind_code,trade_coe,sec_name,option_mark_code,option_type,call_or_put,exercise_mode,exercise_price,contract_unit,limit_month,listed_date,expire_date,exercise_date,settlement_date,reference_price,settle_mode,contract_state
2018/12/4 0:00:00,非数字,0.2686,0.306,0.2412,0.2412,60,155969,135,205,-0.5870199321272,0.753153633957183,0.00724901565411829,-0.136517612180869,-0.00990558504672473,0.179348684692383,2.7,5408,10000,10001622,510050P1906M02700,50ETF沽2019年6月2.70,510050.SH,ETF期权,认沽,欧式,2.7,10000,2019-06,2018/12/4 0:00:00,2019/6/26 0:00:00,2019-06-26,2019-06-27,0.2554,实物资产,退市,
2018/12/5 0:00:00,0.2412,0.2525,0.2528,0.2406,0.2434,102,253141,134,204,-0.595870339839913,0.754430231251793,0.00716144070865673,-0.134672499543127,-0.00997716817725727,0.171641229248047,2.7,5400.8,10000,10001622,510050P1906M02700,50ETF沽2019年6月2.70,510050.SH,ETF期权,认沽,欧式,2.7,10000,2019-06,2018/12/4 0:00:00,2019/6/26 0:00:00,2019-06-26,2019-06-27,0.2554,实物资产,退市,
2018/12/6 0:00:00,0.2434,0.2592,0.2716,0.2592,0.2712,61,163419,133,203,-0.629314808048949,0.744936811735384,0.00683798983731177,-0.126946423591789,-0.0103902993833357,0.163000091552734,2.7,5636.6,10000,10001622,510050P1906M02700,50ETF沽2019年6月2.70,510050.SH,ETF期权,认沽,欧式,2.7,10000,2019-06,2018/12/4 0:00:00,2019/6/26 0:00:00,2019-06-26,2019-06-27,0.2554,实物资产,退市,
2018/12/7 0:00:00,0.2712,0.2665,0.2712,0.263,0.2679,279,738259,132,202,-0.637137343376022,0.748418280695565,0.00675069424263964,-0.124107094597505,-0.0104352861624189,0.145717816162109,2.7,5660,10000,10001622,510050P1906M02700,50ETF沽2019年6月2.70,510050.SH,ETF期权,认沽,欧式,2.7,10000,2019-06,2018/12/4 0:00:00,2019/6/26 0:00:00,2019-06-26,2019-06-27,0.2554,实物资产,退市,
2018/12/10 0:00:00,0.2679,0.287,0.287,0.2713,0.2812,147,412532,131,199,-0.654945039991028,0.757249193901897,0.00653481907604332,-0.117211659393831,-0.0104911618546535,0.145827661132812,2.7,5809.6,10000,10001622,510050P1906M02700,50ETF沽2019年6月2.70,510050.SH,ETF期权,认沽,欧式,2.7,10000,2019-06,2018/12/4 0:00:00,2019/6/26 0:00:00,2019-06-26,2019-06-27,0.2554,实物资产,退市,
2018/12/11 0:00:00,0.2812,0.2777,0.2851,0.2764,0.2851,28,78335,130,198,-0.652318706656967,0.761082020213474,0.00655022793037015,-0.11850385998733,-0.0104010896778514,0.161389031982422,2.7,5765.6,10000,10001622,510050P1906M02700,50ETF沽2019年6月2.70,510050.SH,ETF期权,认沽,欧式,2.7,10000,2019-06,2018/12/4 0:00:00,2019/6/26 0:00:00,2019-06-26,2019-06-27,0.2554,实物资产,退市,
2018/12/12 0:00:00,0.2851,0.2754,0.2754,0.2676,0.2702,43,116850,129,197,-0.649128638118684,0.765703911640642,0.00657172748216003,-0.119921719938359,-0.0103033434382481,0.140994482421875,2.7,5719.8,10000,10001622,510050P1906M02700,50ETF沽2019年6月2.70,510050.SH,ETF期权,认沽,欧式,2.7,10000,2019-06,2018/12/4 0:00:00,2019/6/26 0:00:00,2019-06-26,2019-06-27,0.2554,实物资产,退市,
2018/12/13 0:00:00,0.2702,0.2701,0.2715,0.2407,0.246,361,904545,128,196,-0.623079470325614,0.773611479814124,0.00680966935859088,-0.128836119747311,-0.00991232309684895,0.146157196044922,2.7,5421.6,10000,10001622,510050P1906M02700,50ETF沽2019年6月2.70,510050.SH,ETF期权,认沽,欧式,2.7,10000,2019-06,2018/12/4 0:00:00,2019/6/26 0:00:00,2019-06-26,2019-06-27,0.2554,实物资产,退市,
2018/12/14 0:00:00,0.246,0.2443,0.2648,0.2443,0.2628,1197,3088636,127,195,-0.646079242780772,0.766635137968716,0.00656933157334627,-0.122317672863152,-0.0101595730232837,0.132682879638672,2.7,5677.6,10000,10001622,510050P1906M02700,50ETF沽2019年6月2.70,510050.SH,ETF期权,认沽,欧式,2.7,10000,2019-06,2018/12/4 0:00:00,2019/6/26 0:00:00,2019-06-26,2019-06-27,0.2554,实物资产,退市,
2018/12/17 0:00:00,0.2628,0.2624,0.2746,0.262,0.2699,267,717243,126,192,-0.65081019037593,0.770871603689568,0.00647870443423806,-0.122278136126779,-0.010056326971571,0.142568927001953,2.7,5704,10000,10001622,510050P1906M02700,50ETF沽2019年6月2.70,510050.SH,ETF期权,认沽,欧式,2.7,10000,2019-06,2018/12/4 0:00:00,2019/6/26 0:00:00,2019-06-26,2019-06-27,0.2554,实物资产,退市,
2018/12/18 0:00:00,0.2699,0.2714,0.2971,0.269,0.2926,55,158352,125,191,-0.67390896500715,0.762764553758006,0.00621733582145313,-0.114430471853416,-0.0102893045289353,0.139896032714844,2.7,5959.2,10000,10001622,510050P1906M02700,50ETF沽2019年6月2.70,510050.SH,ETF期权,认沽,欧式,2.7,10000,2019-06,2018/12/4 0:00:00,2019/6/26 0:00:00,2019-06-26,2019-06-27,0.2554,实物资产,退市,
2018/12/19 0:00:00,0.2926,0.2897,0.3159,0.2883,0.3115,73,223571,124,190,-0.691728222213562,0.752997245366225,0.0059892824473153,-0.104348567724837,-0.0104437831024839,0.137552673339844,2.7,6188,10000,10001622,510050P1906M02700,50ETF沽2019年6月2.70,510050.SH,ETF期权,认沽,欧式,2.7,10000,2019-06,2018/12/4 0:00:00,2019/6/26 0:00:00,2019-06-26,2019-06-27,0.2554,实物资产,退市,
2018/12/20 0:00:00,0.3115,0.308,0.3655,0.308,0.357,173,593422,123,189,-0.717104454016965,0.733987809155296,0.00565945918624352,-0.0954820181842314,-0.0106972254647976,0.179733142089844,2.7,6487.2,10000,10001622,510050P1906M02700,50ETF沽2019年6月2.70,510050.SH,ETF期权,认沽,欧式,2.7,10000,2019-06,2018/12/4 0:00:00,2019/6/26 0:00:00,2019-06-26,2019-06-27,0.2554,实物资产,退市,
2018/12/21 0:00:00,0.357,0.3648,0.3991,0.3648,0.3893,461,1769271,122,188,-0.74283184637905,0.720392902348908,0.00531436242935205,-0.083716872406552,-0.0109343027049241,0.199139086914063,2.7,6762.4,10000,10001622,510050P1906M02700,50ETF沽2019年6月2.70,510050.SH,ETF期权,认沽,欧式,2.7,10000,2019-06,2018/12/4 0:00:00,2019/6/26 0:00:00,2019-06-26,2019-06-27,0.2554,实物资产,退市,
2018/12/24 0:00:00,0.3893,0.3958,0.3972,0.37,0.37,220,845570,121,185,-0.744660257061707,0.725302280622365,0.00525655218523815,-0.0834051709417714,-0.010772962836144,0.150148229980469,2.7,6724.8,10000,10001622,510050P1906M02700,50ETF沽2019年6月2.70,510050.SH,ETF期权,认沽,欧式,2.7,10000,2019-06,2018/12/4 0:00:00,2019/6/26 0:00:00,2019-06-26,2019-06-27,0.2554,实物资产,退市,
2018/12/25 0:00:00,0.37,0.405,0.4266,0.3804,0.3902,595,2376459,120,184,-0.754028581001534,0.716568593121828,0.00511270617182462,-0.0795355577778603,-0.010820869575702,0.180758361816406,2.7,6869.4,10000,10001622,510050P1906M02700,50ETF沽2019年6月2.70,510050.SH,ETF期权,认沽,欧式,2.7,10000,2019-06,2018/12/4 0:00:00,2019/6/26 0:00:00,2019-06-26,2019-06-27,0.2554,实物资产,退市,
2018/12/26 0:00:00,0.3902,0.3878,0.4069,0.3858,0.4041,278,1102500,119,183,-0.777950456387472,0.710834077094093,0.00478194473231589,-0.0653821637268146,-0.0110086753038343,0.177243322753906,2.7,6980,10000,10001622,510050P1906M02700,50ETF沽2019年6月2.70,510050.SH,ETF期权,认沽,欧式,2.7,10000,2019-06,2018/12/4 0:00:00,2019/6/26 0:00:00,2019-06-26,2019-06-27,0.2554,实物资产,退市,
2018/12/27 0:00:00,0.4041,0.236,0.4068,0.236,0.4042,423,1666836,118,182,-0.780037748489624,0.711152411381126,0.0047430812021814,-0.0654038715775619,-0.0109710683128889,0.175925183105469,2.7,6980,10000,10001622,510050P1906M02700,50ETF沽2019年6月2.70,510050.SH,ETF期权,认沽,欧式,2.7,10000,2019-06,2018/12/4 0:00:00,2019/6/26 0:00:00,2019-06-26,2019-06-27,0.2554,实物资产,退市,
2018/12/28 0:00:00,0.4042,0.3984,0.4002,0.3791,0.3899,288,1124658,117,181,-0.775450490414471,0.723038176681986,0.00480913692718776,-0.0685375806415681,-0.0108569075599031,0.157837377929687,2.7,6883.2,10000,10001622,510050P1906M02700,50ETF沽2019年6月2.70,510050.SH,ETF期权,认沽,欧式,2.7,10000,2019-06,2018/12/4 0:00:00,2019/6/26 0:00:00,2019-06-26,2019-06-27,0.2554,实物资产,退市,
2019/1/2 0:00:00,0.3899,0.3939,0.4251,0.3939,0.419,224,930565,116,176,-0.801556657619319,0.688677041272144,0.00435085187859618,-0.0610068853889383,-0.010842843641234,0.152857739257812,2.7,7156,10000,10001622,510050P1906M02700,50ETF沽2019年6月2.70,510050.SH,ETF期权,认沽,欧式,2.7,10000,2019-06,2018/12/4 0:00:00,2019/6/26 0:00:00,2019-06-26,2019-06-27,0.2554,实物资产,退市,
2019/1/3 0:00:00,0.419,0.4244,0.4244,0.3949,0.4136,229,930143,115,175,-0.799822658303766,0.696074494827988,0.00437279542665571,-0.0617684353436118,-0.0107585876869196,0.153443579101562,2.7,7103.2,10000,10001622,510050P1906M02700,50ETF沽2019年6月2.70,510050.SH,ETF期权,认沽,欧式,2.7,10000,2019-06,2018/12/4 0:00:00,2019/6/26 0:00:00,2019-06-26,2019-06-27,0.2554,实物资产,退市,
2019/1/4 0:00:00,0.4136,0.42,0.42,0.3694,0.3698,861,3337828,114,174,-0.780672860980829,0.760872818982991,0.0047006052231864,-0.0669920306257755,-0.0104618599796649,0.1559333984375,2.7,6684,10000,10001622,510050P1906M02700,50ETF沽2019年6月2.70,510050.SH,ETF期权,认沽,欧式,2.7,10000,2019-06,2018/12/4 0:00:00,2019/6/26 0:00:00,2019-06-26,2019-06-27,0.2554,实物资产,退市,
2019/1/7 0:00:00,0.3698,0.3586,0.373,0.3586,0.3688,274,1006520,113,171,-0.786491194427211,0.757606597842158,0.00458176653532061,-0.0666504237307465,-0.0103422182570709,0.136820373535156,2.7,6698.4,10000,10001622,510050P1906M02700,50ETF沽2019年6月2.70,510050.SH,ETF期权,认沽,欧式,2.7,10000,2019-06,2018/12/4 0:00:00,2019/6/26 0:00:00,2019-06-26,2019-06-27,0.2554,实物资产,退市,
2019/1/8 0:00:00,0.3688,0.3727,0.3787,0.372,0.3721,70,262202,112,170,-0.793088854298317,0.7481985173847,0.00447121526355549,-0.065193927775446,-0.0103533240954965,0.10730869140625,2.7,6760,10000,10001622,510050P1906M02700,50ETF沽2019年6月2.70,510050.SH,ETF期权,认沽,欧式,2.7,10000,2019-06,2018/12/4 0:00:00,2019/6/26 0:00:00,2019-06-26,2019-06-27,0.2554,实物资产,退市,
2019/1/9 0:00:00,0.3721,0.367,0.367,0.3277,0.3535,264,902086,111,169,-0.790875286083605,0.791894217937936,0.00453482122044054,-0.0604948747988025,-0.0102378788384565,0.141214172363281,2.7,6540,10000,10001622,510050P1906M02700,50ETF沽2019年6月2.70,510050.SH,ETF期权,认沽,欧式,2.7,10000,2019-06,2018/12/4 0:00:00,2019/6/26 0:00:00,2019-06-26,2019-06-27,0.2554,实物资产,退市,
2019/1/10 0:00:00,0.3535,0.3564,0.36,0.3417,0.35,198,696486,110,168,-0.795280573610658,0.799606079637013,0.0044704527529352,-0.0574042107465023,-0.0102141279334375,0.136966833496094,2.7,6513.6,10000,10001622,510050P1906M02700,50ETF沽2019年6月2.70,510050.SH,ETF期权,认沽,欧式,2.7,10000,2019-06,2018/12/4 0:00:00,2019/6/26 0:00:00,2019-06-26,2019-06-27,0.2554,实物资产,退市,
2019/1/11 0:00:00,0.35,0.342,0.3427,0.3286,0.3375,154,518494,109,167,-0.781096369602151,0.829491063255794,0.00467308021613414,-0.0626291468234285,-0.00999818622644384,0.155860168457031,2.7,6346.4,10000,10001622,510050P1906M02700,50ETF沽2019年6月2.70,510050.SH,ETF期权,认沽,欧式,2.7,10000,2019-06,2018/12/4 0:00:00,2019/6/26 0:00:00,2019-06-26,2019-06-27,0.2554,实物资产,退市,
2019/1/14 0:00:00,0.3375,0.3373,0.3494,0.3369,0.3491,166,575239,108,164,-0.800893284134615,0.796726862751866,0.00433809751757939,-0.0551069462914945,-0.0100223447182558,0.118586108398437,2.7,6540,10000,10001622,510050P1906M02700,50ETF沽2019年6月2.70,510050.SH,ETF期权,认沽,欧式,2.7,10000,2019-06,2018/12/4 0:00:00,2019/6/26 0:00:00,2019-06-26,2019-06-27,0.2554,实物资产,退市,
2019/1/15 0:00:00,0.3491,0.3449,0.3452,0.3171,0.3171,275,909942,107,163,-0.760498059705751,0.859334878373466,0.00490287112683574,-0.0740471996199707,-0.00954556573277348,0.155713708496094,2.7,6164,10000,10001622,510050P1906M02700,50ETF沽2019年6月2.70,510050.SH,ETF期权,认沽,欧式,2.7,10000,2019-06,2018/12/4 0:00:00,2019/6/26 0:00:00,2019-06-26,2019-06-27,0.2554,实物资产,退市,
2019/1/16 0:00:00,0.3171,0.3223,0.3248,0.3139,0.3166,158,505394,106,162,-0.764547151323666,0.871459692983361,0.00485035324191406,-0.0721574770127972,-0.00952056294557856,0.161865026855469,2.7,6130.8,10000,10001622,510050P1906M02700,50ETF沽2019年6月2.70,510050.SH,ETF期权,认沽,欧式,2.7,10000,2019-06,2018/12/4 0:00:00,2019/6/26 0:00:00,2019-06-26,2019-06-27,0.2554,实物资产,退市,
2019/1/17 0:00:00,0.3166,0.3164,0.3279,0.3068,0.3261,369,1170046,105,161,-0.783309100019654,0.868431062069814,0.0045960223944937,-0.0614816868446334,-0.00963927811240747,0.166734820556641,2.7,6216,10000,10001622,510050P1906M02700,50ETF沽2019年6月2.70,510050.SH,ETF期权,认沽,欧式,2.7,10000,2019-06,2018/12/4 0:00:00,2019/6/26 0:00:00,2019-06-26,2019-06-27,0.2554,实物资产,退市,
2019/1/18 0:00:00,0.3261,0.3151,0.3151,0.2889,0.2899,584,1770891,104,160,-0.762845253379376,0.965674050140723,0.00491063156299994,-0.0630238558892847,-0.00933503304777408,0.167979730224609,2.7,5879.8,10000,10001622,510050P1906M02700,50ETF沽2019年6月2.70,510050.SH,ETF期权,认沽,欧式,2.7,10000,2019-06,2018/12/4 0:00:00,2019/6/26 0:00:00,2019-06-26,2019-06-27,0.2554,实物资产,退市,
2019/1/21 0:00:00,0.2899,0.2875,0.2904,0.2764,0.285,449,1276853,103,157,-0.765617119389981,1.02126545603835,0.00486274534482644,-0.0559849441599166,-0.00915850279447457,0.185445080566406,2.7,5758.8,10000,10001622,510050P1906M02700,50ETF沽2019年6月2.70,510050.SH,ETF期权,认沽,欧式,2.7,10000,2019-06,2018/12/4 0:00:00,2019/6/26 0:00:00,2019-06-26,2019-06-27,0.2554,实物资产,退市,
2019/1/22 0:00:00,0.285,0.2926,0.3097,0.2894,0.3072,359,1074189,102,156,-0.7932210207799,0.959724782866314,0.00445905463885332,-0.0470240728511939,-0.00938448321229913,0.185738000488281,2.7,5947.2,10000,10001622,510050P1906M02700,50ETF沽2019年6月2.70,510050.SH,ETF期权,认沽,欧式,2.7,10000,2019-06,2018/12/4 0:00:00,2019/6/26 0:00:00,2019-06-26,2019-06-27,0.2554,实物资产,退市,
2019/1/23 0:00:00,0.3072,0.302,0.3164,0.2995,0.3139,248,763146,101,155,-0.798080599809471,0.951280786451234,0.00437484547571774,-0.0452358058502182,-0.00937194738860899,0.194232678222656,2.7,6009.4,10000,10001622,510050P1906M02700,50ETF沽2019年6月2.70,510050.SH,ETF期权,认沽,欧式,2.7,10000,2019-06,2018/12/4 0:00:00,2019/6/26 0:00:00,2019-06-26,2019-06-27,0.2554,实物资产,退市,
2019/1/24 0:00:00,0.3139,0.3057,0.32,0.2959,0.298,243,750107,100,154,-0.788654932495995,0.976238846549167,0.00450065568105738,-0.0494738347758515,-0.00921611630669562,0.177975622558594,2.7,5863.6,10000,10001622,510050P1906M02700,50ETF沽2019年6月2.70,510050.SH,ETF期权,认沽,欧式,2.7,10000,2019-06,2018/12/4 0:00:00,2019/6/26 0:00:00,2019-06-26,2019-06-27,0.2554,实物资产,退市,
2019/1/25 0:00:00,0.298,0.2908,0.2908,0.266,0.2703,350,957897,99,153,-0.775563040625854,1.06493951504569,0.00470213415239883,-0.0496638395978559,-0.0090024861549795,0.169261254882813,2.7,5622.6,10000,10001622,510050P1906M02700,50ETF沽2019年6月2.70,510050.SH,ETF期权,认沽,欧式,2.7,10000,2019-06,2018/12/4 0:00:00,2019/6/26 0:00:00,2019-06-26,2019-06-27,0.2554,实物资产,退市,
2019/1/28 0:00:00,0.2703,0.2603,0.283,0.252,0.2758,250,652517,98,150,-0.784477709340222,1.06331913927704,0.00454286925717953,-0.046336361392241,-0.0089075645302877,0.177316552734375,2.7,5674,10000,10001622,510050P1906M02700,50ETF沽2019年6月2.70,510050.SH,ETF期权,认沽,欧式,2.7,10000,2019-06,2018/12/4 0:00:00,2019/6/26 0:00:00,2019-06-26,2019-06-27,0.2554,实物资产,退市,
2019/1/29 0:00:00,0.2758,0.2853,0.29,0.265,0.2661,372,1046010,97,149,-0.768125319478812,1.11292594830916,0.00475482752503735,-0.0519576861597866,-0.0086831416084319,0.186213995361328,2.7,5598.6,10000,10001622,510050P1906M02700,50ETF沽2019年6月2.70,510050.SH,ETF期权,认沽,欧式,2.7,10000,2019-06,2018/12/4 0:00:00,2019/6/26 0:00:00,2019-06-26,2019-06-27,0.2554,实物资产,退市,
2019/1/30 0:00:00,0.2661,0.2749,0.2798,0.2649,0.2762,181,494927,96,148,-0.781355464521325,1.08504234532791,0.00456304046375581,-0.0478624985598764,-0.00875432203825562,0.190058569335938,2.7,5686.4,10000,10001622,510050P1906M02700,50ETF沽2019年6月2.70,510050.SH,ETF期权,认沽,欧式,2.7,10000,2019-06,2018/12/4 0:00:00,2019/6/26 0:00:00,2019-06-26,2019-06-27,0.2554,实物资产,退市,
2019/1/31 0:00:00,0.2762,0.2708,0.2709,0.25,0.25,320,826009,95,147,-0.757059008844881,1.21649256599978,0.00489650306171253,-0.0502922221726742,-0.00843370809232743,0.192877923583984,2.7,5468.8,10000,10001622,510050P1906M02700,50ETF沽2019年6月2.70,510050.SH,ETF期权,认沽,欧式,2.7,10000,2019-06,2018/12/4 0:00:00,2019/6/26 0:00:00,2019-06-26,2019-06-27,0.2554,实物资产,退市,
2019/2/1 0:00:00,0.25,0.2419,0.2507,0.235,0.235,353,861342,94,146,-0.738627099096096,1.27225765002809,0.00510854274232093,-0.0561733871212913,-0.00819147559790068,0.188667199707031,2.7,5340.4,10000,10001622,510050P1906M02700,50ETF沽2019年6月2.70,510050.SH,ETF期权,认沽,欧式,2.7,10000,2019-06,2018/12/4 0:00:00,2019/6/26 0:00:00,2019-06-26,2019-06-27,0.2554,实物资产,退市,
2019/2/11 0:00:00,0.235,0.2415,0.245,0.2109,0.2122,319,716545,93,136,-0.716542450823835,1.35243513147152,0.0051813720157453,-0.0677230345340423,-0.00741775978250186,0.181563891601562,2.7,5138.2,10000,10001622,510050P1906M02700,50ETF沽2019年6月2.70,510050.SH,ETF期权,认沽,欧式,2.7,10000,2019-06,2018/12/4 0:00:00,2019/6/26 0:00:00,2019-06-26,2019-06-27,0.2554,实物资产,退市,
2019/2/12 0:00:00,0.2122,0.2102,0.2145,0.1994,0.202,518,1065749,92,135,-0.707864382578094,1.37730019653035,0.00525285978424509,-0.0709382080674706,-0.00728164225576051,0.172886138916016,2.7,5047.8,10000,10001622,510050P1906M02700,50ETF沽2019年6月2.70,510050.SH,ETF期权,认沽,欧式,2.7,10000,2019-06,2018/12/4 0:00:00,2019/6/26 0:00:00,2019-06-26,2019-06-27,0.2554,实物资产,退市,
2019/2/13 0:00:00,0.202,0.1969,0.203,0.1711,0.1785,741,1393178,91,134,-0.637292828278177,1.44730115017408,0.00582107737849369,-0.0914029887853369,-0.00657878786561482,0.186616760253906,2.7,4870.2,10000,10001622,510050P1906M02700,50ETF沽2019年6月2.70,510050.SH,ETF期权,认沽,欧式,2.7,10000,2019-06,2018/12/4 0:00:00,2019/6/26 0:00:00,2019-06-26,2019-06-27,0.2554,实物资产,退市,
2019/2/14 0:00:00,0.1785,0.1796,0.1841,0.1737,0.1802,223,400064,90,133,-0.651517000942106,1.49563266400832,0.00570882362106956,-0.0839116758294127,-0.00664668600060671,0.185664770507813,2.7,4882.4,10000,10001622,510050P1906M02700,50ETF沽2019年6月2.70,510050.SH,ETF期权,认沽,欧式,2.7,10000,2019-06,2018/12/4 0:00:00,2019/6/26 0:00:00,2019-06-26,2019-06-27,0.2554,实物资产,退市,
2019/2/15 0:00:00,0.1802,0.1866,0.221,0.1866,0.2175,547,1132259,89,132,-0.723920907939414,1.33468462929548,0.00502912079516072,-0.0698951728986245,-0.0072678613646918,0.186433685302734,2.7,5199.2,10000,10001622,510050P1906M02700,50ETF沽2019年6月2.70,510050.SH,ETF期权,认沽,欧式,2.7,10000,2019-06,2018/12/4 0:00:00,2019/6/26 0:00:00,2019-06-26,2019-06-27,0.2554,实物资产,退市,
2019/2/18 0:00:00,0.2175,0.2055,0.2055,0.1533,0.1807,848,1610189,88,129,-0.636440521819707,1.43070231927176,0.00571515347184252,-0.0985343883702957,-0.00633012769847259,0.192987768554687,2.7,4894.2,10000,10001622,510050P1906M02700,50ETF沽2019年6月2.70,510050.SH,ETF期权,认沽,欧式,2.7,10000,2019-06,2018/12/4 0:00:00,2019/6/26 0:00:00,2019-06-26,2019-06-27,0.2554,实物资产,退市,
2019/2/19 0:00:00,0.1807,0.1827,0.1939,0.1656,0.1876,1251,2250903,87,128,-0.645650870956235,1.44625388207586,0.00563354513468059,-0.0952541205349285,-0.00635741204890286,0.201152911376953,2.7,4961.4,10000,10001622,510050P1906M02700,50ETF沽2019年6月2.70,510050.SH,ETF期权,认沽,欧式,2.7,10000,2019-06,2018/12/4 0:00:00,2019/6/26 0:00:00,2019-06-26,2019-06-27,0.2554,实物资产,退市,
2019/2/20 0:00:00,0.1876,0.1828,0.1925,0.1769,0.1874,252,466104,86,127,-0.633493427688685,1.47546313338974,0.00569895726648482,-0.0976979667298183,-0.00619593436173435,0.211771258544922,2.7,4966.4,10000,10001622,510050P1906M02700,50ETF沽2019年6月2.70,510050.SH,ETF期权,认沽,欧式,2.7,10000,2019-06,2018/12/4 0:00:00,2019/6/26 0:00:00,2019-06-26,2019-06-27,0.2554,实物资产,退市,
2019/2/21 0:00:00,0.1874,0.1919,0.1935,0.1688,0.1869,548,1005074,85,126,-0.649870770883013,1.46155446152777,0.00556279890518455,-0.0941886228896468,-0.00629002932058156,0.200274151611328,2.7,4949.2,10000,10001622,510050P1906M02700,50ETF沽2019年6月2.70,510050.SH,ETF期权,认沽,欧式,2.7,10000,2019-06,2018/12/4 0:00:00,2019/6/26 0:00:00,2019-06-26,2019-06-27,0.2554,实物资产,退市,
2019/2/22 0:00:00,0.1869,0.1818,0.1961,0.1577,0.1577,772,1404037,84,125,-0.570815522752148,1.5007859388041,0.00599141119999786,-0.112663197861329,-0.00554735385198037,0.20338642578125,2.7,4718.6,10000,10001622,510050P1906M02700,50ETF沽2019年6月2.70,510050.SH,ETF期权,认沽,欧式,2.7,10000,2019-06,2018/12/4 0:00:00,2019/6/26 0:00:00,2019-06-26,2019-06-27,0.2554,实物资产,退市,
2019/2/25 0:00:00,0.1577,0.1412,0.1522,0.1177,0.1263,8853,12240193,83,122,-0.324543618698508,1.00310939404607,0.00583214079372435,-0.171214177239618,-0.00330009155070804,0.296461730957031,2.7,3482.2,10000,10001622,510050P1906M02700,50ETF沽2019年6月2.70,510050.SH,ETF期权,认沽,欧式,2.7,10000,2019-06,2018/12/4 0:00:00,2019/6/26 0:00:00,2019-06-26,2019-06-27,0.2554,实物资产,退市,
2019/2/26 0:00:00,0.1263,0.1268,0.144,0.1256,0.1409,5546,7584161,82,121,-0.419789081155122,1.07969736465535,0.00611364338230769,-0.185391991518583,-0.00415928102501609,0.265705139160156,2.7,4402.6,10000,10001622,510050P1906M02700,50ETF沽2019年6月2.70,510050.SH,ETF期权,认沽,欧式,2.7,10000,2019-06,2018/12/4 0:00:00,2019/6/26 0:00:00,2019-06-26,2019-06-27,0.2554,实物资产,退市,
2019/2/27 0:00:00,0.1409,0.1368,0.143,0.1163,0.1325,4102,5280216,81,120,-0.410808700556032,1.07797536283637,0.00607595585229086,-0.18557657489847,-0.00404154763472198,0.258638446044922,2.7,4248.2,10000,10001622,510050P1906M02700,50ETF沽2019年6月2.70,510050.SH,ETF期权,认沽,欧式,2.7,10000,2019-06,2018/12/4 0:00:00,2019/6/26 0:00:00,2019-06-26,2019-06-27,0.2554,实物资产,退市,
2019/2/28 0:00:00,0.1325,0.1331,0.1376,0.1168,0.122,3440,4185012,80,119,-0.410201260406888,1.09676663133559,0.00604823482242024,-0.183440032852445,-0.00399434749332713,0.242381390380859,2.7,4143.2,10000,10001622,510050P1906M02700,50ETF沽2019年6月2.70,510050.SH,ETF期权,认沽,欧式,2.7,10000,2019-06,2018/12/4 0:00:00,2019/6/26 0:00:00,2019-06-26,2019-06-27,0.2554,实物资产,退市,
2019/3/1 0:00:00,0.122,0.1141,0.1206,0.0988,0.101,2623,2901551,79,118,-0.341860668258038,0.997668915799408,0.00582485902810848,-0.185270620206199,-0.00335993355696475,0.250290228271484,2.7,3352.4,10000,10001622,510050P1906M02700,50ETF沽2019年6月2.70,510050.SH,ETF期权,认沽,欧式,2.7,10000,2019-06,2018/12/4 0:00:00,2019/6/26 0:00:00,2019-06-26,2019-06-27,0.2554,实物资产,退市,
2019/3/4 0:00:00,0.101,0.0956,0.1083,0.091,0.0983,6113,6110267,78,115,-0.327809625358601,0.991340740575158,0.00568206604491566,-0.186047041016497,-0.00314493215134792,0.256331701660156,2.7,3211,10000,10001622,510050P1906M02700,50ETF沽2019年6月2.70,510050.SH,ETF期权,认沽,欧式,2.7,10000,2019-06,2018/12/4 0:00:00,2019/6/26 0:00:00,2019-06-26,2019-06-27,0.2554,实物资产,退市,
2019/3/5 0:00:00,0.0983,0.0999,0.1089,0.0947,0.102,2414,2458881,77,114,-0.329230330307163,1.00050593562297,0.00566294364338716,-0.186633931214988,-0.00312720083275073,0.262592864990234,2.7,3265.6,10000,10001622,510050P1906M02700,50ETF沽2019年6月2.70,510050.SH,ETF期权,认沽,欧式,2.7,10000,2019-06,2018/12/4 0:00:00,2019/6/26 0:00:00,2019-06-26,2019-06-27,0.2554,实物资产,退市,
2019/3/6 0:00:00,0.102,0.1033,0.1194,0.1027,0.1092,4108,4590346,76,113,-0.321593233942828,0.995213981029543,0.00559786187397616,-0.186069869744557,-0.0030309729166671,0.280424365234375,2.7,3266,10000,10001622,510050P1906M02700,50ETF沽2019年6月2.70,510050.SH,ETF期权,认沽,欧式,2.7,10000,2019-06,2018/12/4 0:00:00,2019/6/26 0:00:00,2019-06-26,2019-06-27,0.2554,实物资产,退市,
2019/3/7 0:00:00,0.1092,0.1117,0.1319,0.1117,0.1288,3476,4338875,75,112,-0.370861747594098,1.05857801140448,0.00577815181450429,-0.194111407539383,-0.00342629380216492,0.285953228759766,2.7,3885.6,10000,10001622,510050P1906M02700,50ETF沽2019年6月2.70,510050.SH,ETF期权,认沽,欧式,2.7,10000,2019-06,2018/12/4 0:00:00,2019/6/26 0:00:00,2019-06-26,2019-06-27,0.2554,实物资产,退市,
2019/3/8 0:00:00,0.1288,0.1394,0.1718,0.1391,0.1707,4203,6552610,74,111,-0.479315007670956,1.12269290231361,0.00585058734090066,-0.199613727795574,-0.00429859984478244,0.286978448486328,2.7,4917,10000,10001622,510050P1906M02700,50ETF沽2019年6月2.70,510050.SH,ETF期权,认沽,欧式,2.7,10000,2019-06,2018/12/4 0:00:00,2019/6/26 0:00:00,2019-06-26,2019-06-27,0.2554,实物资产,退市,
2019/3/11 0:00:00,0.1707,0.1672,0.1698,0.1372,0.142,6842,10352423,73,108,-0.463385305849847,1.12812477787009,0.00578593459482802,-0.20478160780175,-0.00405148174024248,0.252944815063477,2.7,4648,10000,10001622,510050P1906M02700,50ETF沽2019年6月2.70,510050.SH,ETF期权,认沽,欧式,2.7,10000,2019-06,2018/12/4 0:00:00,2019/6/26 0:00:00,2019-06-26,2019-06-27,0.2554,实物资产,退市,
2019/3/12 0:00:00,0.142,0.1351,0.1454,0.1231,0.1381,3870,5032800,72,107,-0.45111600943147,1.1260744366525,0.00576320879663815,-0.206509583335116,-0.00391541171167126,0.256038781738281,2.7,4615.2,10000,10001622,510050P1906M02700,50ETF沽2019年6月2.70,510050.SH,ETF期权,认沽,欧式,2.7,10000,2019-06,2018/12/4 0:00:00,2019/6/26 0:00:00,2019-06-26,2019-06-27,0.2554,实物资产,退市,
2019/3/13 0:00:00,0.1381,0.1391,0.1448,0.1274,0.1359,2607,3537364,71,106,-0.445559922727681,1.14391305830496,0.00573610563357566,-0.204463293706347,-0.00382772938361211,0.257210461425781,2.7,4546.2,10000,10001622,510050P1906M02700,50ETF沽2019年6月2.70,510050.SH,ETF期权,认沽,欧式,2.7,10000,2019-06,2018/12/4 0:00:00,2019/6/26 0:00:00,2019-06-26,2019-06-27,0.2554,实物资产,退市,
2019/3/14 0:00:00,0.1359,0.1323,0.1363,0.125,0.1323,3748,4888308,70,105,-0.441141635670392,1.14692871882961,0.00570805769228681,-0.205648850461146,-0.00375521078580032,0.255086791992187,2.7,4475,10000,10001622,510050P1906M02700,50ETF沽2019年6月2.70,510050.SH,ETF期权,认沽,欧式,2.7,10000,2019-06,2018/12/4 0:00:00,2019/6/26 0:00:00,2019-06-26,2019-06-27,0.2554,实物资产,退市,
2019/3/15 0:00:00,0.1323,0.1232,0.1335,0.108,0.1209,3720,4308021,69,104,-0.407266997828836,1.12108141827008,0.00564915596645037,-0.207896314882891,-0.00345713337900178,0.258565216064453,2.7,4097,10000,10001622,510050P1906M02700,50ETF沽2019年6月2.70,510050.SH,ETF期权,认沽,欧式,2.7,10000,2019-06,2018/12/4 0:00:00,2019/6/26 0:00:00,2019-06-26,2019-06-27,0.2554,实物资产,退市,
2019/3/18 0:00:00,0.1209,0.1161,0.1177,0.0965,0.0988,3290,3438807,68,101,-0.331060704763226,1.01540900890154,0.00533719620694059,-0.211194239344838,-0.00277933762017856,0.271050927734375,2.7,3243.4,10000,10001622,510050P1906M02700,50ETF沽2019年6月2.70,510050.SH,ETF期权,认沽,欧式,2.7,10000,2019-06,2018/12/4 0:00:00,2019/6/26 0:00:00,2019-06-26,2019-06-27,0.2554,实物资产,退市,
2019/3/19 0:00:00,0.0988,0.0995,0.1095,0.0949,0.1079,4302,4478482,67,100,-0.353838355738027,1.05096541829902,0.00540321973339422,-0.215821889228577,-0.00292427682789857,0.274749041748047,2.7,3527,10000,10001622,510050P1906M02700,50ETF沽2019年6月2.70,510050.SH,ETF期权,认沽,欧式,2.7,10000,2019-06,2018/12/4 0:00:00,2019/6/26 0:00:00,2019-06-26,2019-06-27,0.2554,实物资产,退市,
2019/3/20 0:00:00,0.1079,0.1111,0.1131,0.1005,0.1035,1756,1869398,66,99,-0.348963650684871,1.05455396775602,0.00535664198107733,-0.215487971091107,-0.00285500182492331,0.270501702880859,2.7,3460.8,10000,10001622,510050P1906M02700,50ETF沽2019年6月2.70,510050.SH,ETF期权,认沽,欧式,2.7,10000,2019-06,2018/12/4 0:00:00,2019/6/26 0:00:00,2019-06-26,2019-06-27,0.2554,实物资产,退市,
2019/3/21 0:00:00,0.1035,0.1015,0.1115,0.0995,0.1113,2039,2183741,65,98,-0.358950199303841,1.08121619609137,0.00536386812044707,-0.216362856631101,-0.00289633632097854,0.279325915527344,2.7,3612.8,10000,10001622,510050P1906M02700,50ETF沽2019年6月2.70,510050.SH,ETF期权,认沽,欧式,2.7,10000,2019-06,2018/12/4 0:00:00,2019/6/26 0:00:00,2019-06-26,2019-06-27,0.2554,实物资产,退市,
2019/3/22 0:00:00,0.1113,0.11,0.1205,0.1065,0.1109,1776,2007858,64,97,-0.366240164656861,1.09663670494876,0.00535922792074973,-0.218117100774627,-0.00291822961545169,0.275151806640625,2.7,3671.4,10000,10001622,510050P1906M02700,50ETF沽2019年6月2.70,510050.SH,ETF期权,认沽,欧式,2.7,10000,2019-06,2018/12/4 0:00:00,2019/6/26 0:00:00,2019-06-26,2019-06-27,0.2554,实物资产,退市,
2019/3/25 0:00:00,0.1109,0.123,0.1321,0.1198,0.1317,4989,6283517,63,94,-0.452661576827131,1.17797163367788,0.00540279576455754,-0.228000667073783,-0.00343310955152093,0.260249505615234,2.7,4537.4,10000,10001622,510050P1906M02700,50ETF沽2019年6月2.70,510050.SH,ETF期权,认沽,欧式,2.7,10000,2019-06,2018/12/4 0:00:00,2019/6/26 0:00:00,2019-06-26,2019-06-27,0.2554,实物资产,退市,
2019/3/26 0:00:00,0.1317,0.1241,0.1344,0.1172,0.1272,3518,4416200,62,93,-0.46491202223987,1.1980305942312,0.00537091756770101,-0.227416800832554,-0.00347644794289948,0.244505059814453,2.7,4503.4,10000,10001622,510050P1906M02700,50ETF沽2019年6月2.70,510050.SH,ETF期权,认沽,欧式,2.7,10000,2019-06,2018/12/4 0:00:00,2019/6/26 0:00:00,2019-06-26,2019-06-27,0.2554,实物资产,退市,
2019/3/27 0:00:00,0.1272,0.1233,0.1286,0.1079,0.1102,3749,4247231,61,92,-0.428153993583501,1.18406159490619,0.005335953494418,-0.229339610218684,-0.00318679158016041,0.239745111083984,2.7,4139.6,10000,10001622,510050P1906M02700,50ETF沽2019年6月2.70,510050.SH,ETF期权,认沽,欧式,2.7,10000,2019-06,2018/12/4 0:00:00,2019/6/26 0:00:00,2019-06-26,2019-06-27,0.2554,实物资产,退市,
2019/3/28 0:00:00,0.1102,0.1133,0.1198,0.104,0.1081,4822,5325207,60,91,-0.434235314332843,1.20471854790869,0.00531103702157112,-0.228985905245161,-0.00318885614703563,0.232788262939453,2.7,4162.6,10000,10001622,510050P1906M02700,50ETF沽2019年6月2.70,510050.SH,ETF期权,认沽,欧式,2.7,10000,2019-06,2018/12/4 0:00:00,2019/6/26 0:00:00,2019-06-26,2019-06-27,0.2554,实物资产,退市,
2019/3/29 0:00:00,0.1081,0.1036,0.1036,0.0762,0.0768,5240,4591478,59,90,-0.323656732872416,1.02706997705379,0.00500154185766373,-0.233576720199797,-0.00241766257265078,0.246665344238281,2.7,2960.8,10000,10001622,510050P1906M02700,50ETF沽2019年6月2.70,510050.SH,ETF期权,认沽,欧式,2.7,10000,2019-06,2018/12/4 0:00:00,2019/6/26 0:00:00,2019-06-26,2019-06-27,0.2554,实物资产,退市,
2019/4/1 0:00:00,0.0768,0.0748,0.0766,0.0653,0.0679,4215,2884149,58,87,-0.268530058237814,0.935174113315793,0.00460005620342599,-0.22638745758519,-0.0019636395523183,0.266217749023437,2.7,1890,10000,10001622,510050P1906M02700,50ETF沽2019年6月2.70,510050.SH,ETF期权,认沽,欧式,2.7,10000,2019-06,2018/12/4 0:00:00,2019/6/26 0:00:00,2019-06-26,2019-06-27,0.2554,实物资产,退市,
2019/4/2 0:00:00,0.0679,0.0679,0.0702,0.065,0.0686,1955,1333149,57,86,-0.26901416660063,0.945353593074889,0.00457418761083475,-0.226944803426191,-0.00194163667527562,0.268048498535156,2.7,2576,10000,10001622,510050P1906M02700,50ETF沽2019年6月2.70,510050.SH,ETF期权,认沽,欧式,2.7,10000,2019-06,2018/12/4 0:00:00,2019/6/26 0:00:00,2019-06-26,2019-06-27,0.2554,实物资产,退市,
2019/4/3 0:00:00,0.0686,0.0699,0.074,0.0582,0.062,3993,2614969,56,85,-0.241622072487646,0.889356626691283,0.00434226149237548,-0.219243578412356,-0.00173558077584459,0.272039532470703,2.7,2510,10000,10001622,510050P1906M02700,50ETF沽2019年6月2.70,510050.SH,ETF期权,认沽,欧式,2.7,10000,2019-06,2018/12/4 0:00:00,2019/6/26 0:00:00,2019-06-26,2019-06-27,0.2554,实物资产,退市,
2019/4/4 0:00:00,0.062,0.061,0.0669,0.0585,0.0585,4563,2785132,55,84,-0.208766869613957,0.810796899951155,0.00402515935213585,-0.207405279564475,-0.00149603143446062,0.286795373535156,2.7,2475,10000,10001622,510050P1906M02700,50ETF沽2019年6月2.70,510050.SH,ETF期权,认沽,欧式,2.7,10000,2019-06,2018/12/4 0:00:00,2019/6/26 0:00:00,2019-06-26,2019-06-27,0.2554,实物资产,退市,
2019/4/8 0:00:00,0.0585,0.056,0.0629,0.0462,0.0592,3829,2066381,54,80,-0.199193643998479,0.815192112094857,0.00382384739865295,-0.205532545574796,-0.00135595591008323,0.297377105712891,2.7,2482,10000,10001622,510050P1906M02700,50ETF沽2019年6月2.70,510050.SH,ETF期权,认沽,欧式,2.7,10000,2019-06,2018/12/4 0:00:00,2019/6/26 0:00:00,2019-06-26,2019-06-27,0.2554,实物资产,退市,
2019/4/9 0:00:00,0.0592,0.0597,0.0597,0.0529,0.0541,4051,2274050,53,79,-0.193253262864455,0.803775410879553,0.00373805858744314,-0.203857430660027,-0.00130023460451932,0.290054107666016,2.7,2433,10000,10001622,510050P1906M02700,50ETF沽2019年6月2.70,510050.SH,ETF期权,认沽,欧式,2.7,10000,2019-06,2018/12/4 0:00:00,2019/6/26 0:00:00,2019-06-26,2019-06-27,0.2554,实物资产,退市,
2019/4/10 0:00:00,0.0541,0.0564,0.0591,0.0495,0.0541,2086,1128699,52,78,-0.178142823531788,0.772805037765651,0.00354901023649192,-0.194511982631072,-0.00118626185738493,0.30005,2.7,2431,10000,10001622,510050P1906M02700,50ETF沽2019年6月2.70,510050.SH,ETF期权,认沽,欧式,2.7,10000,2019-06,2018/12/4 0:00:00,2019/6/26 0:00:00,2019-06-26,2019-06-27,0.2554,实物资产,退市,
2019/4/11 0:00:00,0.0541,0.0504,0.0631,0.0471,0.061,7213,3973309,51,77,-0.223242129694038,0.893823454011863,0.00396745209875012,-0.222260513800169,-0.00144831863574253,0.289248577880859,2.7,2501,10000,10001622,510050P1906M02700,50ETF沽2019年6月2.70,510050.SH,ETF期权,认沽,欧式,2.7,10000,2019-06,2018/12/4 0:00:00,2019/6/26 0:00:00,2019-06-26,2019-06-27,0.2554,实物资产,退市,
2019/4/12 0:00:00,0.061,0.0594,0.0597,0.0514,0.0518,4776,2720376,50,76,-0.227266856074714,0.91115530187485,0.00397314853391474,-0.225145703077045,-0.00145185680083956,0.265375604248047,2.7,2408,10000,10001622,510050P1906M02700,50ETF沽2019年6月2.70,510050.SH,ETF期权,认沽,欧式,2.7,10000,2019-06,2018/12/4 0:00:00,2019/6/26 0:00:00,2019-06-26,2019-06-27,0.2554,实物资产,退市,
2019/4/15 0:00:00,0.0518,0.0473,0.0525,0.036,0.0517,4109,1775317,49,73,-0.223584648701881,0.922498138985356,0.003857040609705,-0.227801954505392,-0.00136873062973494,0.270245397949219,2.7,2407,10000,10001622,510050P1906M02700,50ETF沽2019年6月2.70,510050.SH,ETF期权,认沽,欧式,2.7,10000,2019-06,2018/12/4 0:00:00,2019/6/26 0:00:00,2019-06-26,2019-06-27,0.2554,实物资产,退市,
2019/4/16 0:00:00,0.0517,0.053,0.053,0.0334,0.0336,9722,3964384,48,72,-0.147166577363077,0.671300978351642,0.00305404159772665,-0.190761447802065,-0.000914403800553652,0.278081005859375,2.7,2226,10000,10001622,510050P1906M02700,50ETF沽2019年6月2.70,510050.SH,ETF期权,认沽,欧式,2.7,10000,2019-06,2018/12/4 0:00:00,2019/6/26 0:00:00,2019-06-26,2019-06-27,0.2554,实物资产,退市,
2019/4/17 0:00:00,0.0336,0.0337,0.0384,0.0322,0.0334,5675,2009866,47,71,-0.153072932064456,0.695687981493656,0.00310167443274742,-0.196065266132621,-0.000934487018929209,0.274199816894531,2.7,2224,10000,10001622,510050P1906M02700,50ETF沽2019年6月2.70,510050.SH,ETF期权,认沽,欧式,2.7,10000,2019-06,2018/12/4 0:00:00,2019/6/26 0:00:00,2019-06-26,2019-06-27,0.2554,实物资产,退市,
2019/4/18 0:00:00,0.0334,0.0334,0.0368,0.0329,0.0346,3983,1388239,46,70,-0.15811224181593,0.721025237062539,0.00313544604996178,-0.200416652219519,-0.000948102650999363,0.274419506835937,2.7,2236,10000,10001622,510050P1906M02700,50ETF沽2019年6月2.70,510050.SH,ETF期权,认沽,欧式,2.7,10000,2019-06,2018/12/4 0:00:00,2019/6/26 0:00:00,2019-06-26,2019-06-27,0.2554,实物资产,退市,
2019/4/19 0:00:00,0.0346,0.0346,0.0377,0.0283,0.0292,6804,2175943,45,69,-0.130521378414078,0.633524140013155,0.00276882399088555,-0.179441262108312,-0.000778201070337411,0.277934545898438,2.7,2182,10000,10001622,510050P1906M02700,50ETF沽2019年6月2.70,510050.SH,ETF期权,认沽,欧式,2.7,10000,2019-06,2018/12/4 0:00:00,2019/6/26 0:00:00,2019-06-26,2019-06-27,0.2554,实物资产,退市,
2019/4/22 0:00:00,0.0292,0.029,0.0406,0.0282,0.0384,8185,2884608,44,66,-0.177544180847315,0.796119238662734,0.00324725538690998,-0.223641229724459,-0.00099406998299351,0.277934545898438,2.7,2274,10000,10001622,510050P1906M02700,50ETF沽2019年6月2.70,510050.SH,ETF期权,认沽,欧式,2.7,10000,2019-06,2018/12/4 0:00:00,2019/6/26 0:00:00,2019-06-26,2019-06-27,0.2554,实物资产,退市,
2019/4/23 0:00:00,0.0384,0.0382,0.0384,0.0288,0.0324,5641,1868592,43,65,-0.171745606165679,0.785448798169096,0.0031602871545484,-0.220942884659523,-0.000947365566612259,0.264460229492188,2.7,5210,10000,10001622,510050P1906M02700,50ETF沽2019年6月2.70,510050.SH,ETF期权,认沽,欧式,2.7,10000,2019-06,2018/12/4 0:00:00,2019/6/26 0:00:00,2019-06-26,2019-06-27,0.2554,实物资产,退市,
2019/4/24 0:00:00,0.0324,0.0315,0.0388,0.0282,0.0313,8266,2732807,42,64,-0.172956287424831,0.801310628305134,0.00314426784151183,-0.222017514273486,-0.000936867044259439,0.260212890625,2.7,2203,10000,10001622,510050P1906M02700,50ETF沽2019年6月2.70,510050.SH,ETF期权,认沽,欧式,2.7,10000,2019-06,2018/12/4 0:00:00,2019/6/26 0:00:00,2019-06-26,2019-06-27,0.2554,实物资产,退市,
2019/4/25 0:00:00,0.0313,0.0327,0.0339,0.0292,0.0333,4870,1547291,41,63,-0.212324085933083,0.920670366385179,0.00348246671310708,-0.251289100549902,-0.00111863872877105,0.242564465332031,2.7,2223,10000,10001622,510050P1906M02700,50ETF沽2019年6月2.70,510050.SH,ETF期权,认沽,欧式,2.7,10000,2019-06,2018/12/4 0:00:00,2019/6/26 0:00:00,2019-06-26,2019-06-27,0.2554,实物资产,退市,
2019/4/26 0:00:00,0.0333,0.0347,0.0379,0.0328,0.0377,9110,3138105,40,62,-0.242901496179864,1.01295090946683,0.00368408049615999,-0.269228207882287,-0.00124740768523867,0.236998986816406,2.7,2267,10000,10001622,510050P1906M02700,50ETF沽2019年6月2.70,510050.SH,ETF期权,认沽,欧式,2.7,10000,2019-06,2018/12/4 0:00:00,2019/6/26 0:00:00,2019-06-26,2019-06-27,0.2554,实物资产,退市,
2019/4/29 0:00:00,0.0377,0.037,0.0378,0.0258,0.0281,15196,4679192,39,59,-0.199418804360397,0.912099638039441,0.00325415133425184,-0.252611306648831,-0.000982593626884936,0.23853681640625,2.7,2171,10000,10001622,510050P1906M02700,50ETF沽2019年6月2.70,510050.SH,ETF期权,认沽,欧式,2.7,10000,2019-06,2018/12/4 0:00:00,2019/6/26 0:00:00,2019-06-26,2019-06-27,0.2554,实物资产,退市,
2019/4/30 0:00:00,0.0281,0.0277,0.0319,0.0254,0.0268,9062,2536988,38,58,-0.191603569389623,0.895882005752785,0.00315613836380033,-0.249901779931324,-0.00092892789923284,0.240147875976563,2.7,2158,10000,10001622,510050P1906M02700,50ETF沽2019年6月2.70,510050.SH,ETF期权,认沽,欧式,2.7,10000,2019-06,2018/12/4 0:00:00,2019/6/26 0:00:00,2019-06-26,2019-06-27,0.2554,实物资产,退市,
2019/5/6 0:00:00,0.0268,0.047,0.0812,0.0405,0.0665,22307,13637073,37,52,-0.348890637323589,1.25594481652772,0.00385426850068705,-0.361973829235902,-0.0014610573775184,0.265046069335938,2.7,3139.4,10000,10001622,510050P1906M02700,50ETF沽2019年6月2.70,510050.SH,ETF期权,认沽,欧式,2.7,10000,2019-06,2018/12/4 0:00:00,2019/6/26 0:00:00,2019-06-26,2019-06-27,0.2554,实物资产,退市,
2019/5/7 0:00:00,0.0665,0.0652,0.0654,0.0495,0.0541,29890,16821499,36,51,-0.344300559252406,1.26121785765547,0.00380170237411911,-0.364643331742833,-0.00141347793089397,0.237072216796875,2.7,2989,10000,10001622,510050P1906M02700,50ETF沽2019年6月2.70,510050.SH,ETF期权,认沽,欧式,2.7,10000,2019-06,2018/12/4 0:00:00,2019/6/26 0:00:00,2019-06-26,2019-06-27,0.2554,实物资产,退市,
2019/5/8 0:00:00,0.0541,0.075,0.0777,0.0574,0.0725,30701,20989828,35,50,-0.403224502264063,1.35111996990156,0.00389375587889932,-0.381144283536105,-0.00160386857620207,0.245310589599609,2.7,3569,10000,10001622,510050P1906M02700,50ETF沽2019年6月2.70,510050.SH,ETF期权,认沽,欧式,2.7,10000,2019-06,2018/12/4 0:00:00,2019/6/26 0:00:00,2019-06-26,2019-06-27,0.2554,实物资产,退市,
2019/5/9 0:00:00,0.0725,0.0757,0.1198,0.0743,0.105,78455,76532757,34,49,-0.485605482575069,1.4185085154286,0.00388335807456815,-0.388268191484856,-0.00186582421024599,0.264167309570313,2.7,4273.2,10000,10001622,510050P1906M02700,50ETF沽2019年6月2.70,510050.SH,ETF期权,认沽,欧式,2.7,10000,2019-06,2018/12/4 0:00:00,2019/6/26 0:00:00,2019-06-26,2019-06-27,0.2554,实物资产,退市,
2019/5/10 0:00:00,0.105,0.085,0.1165,0.0645,0.0684,65025,51975712,33,48,-0.362496277628961,1.27863295274262,0.00373692549904955,-0.397964228665777,-0.00139548460556726,0.271014312744141,2.7,3246.4,10000,10001622,510050P1906M02700,50ETF沽2019年6月2.70,510050.SH,ETF期权,认沽,欧式,2.7,10000,2019-06,2018/12/4 0:00:00,2019/6/26 0:00:00,2019-06-26,2019-06-27,0.2554,实物资产,退市,
2019/5/13 0:00:00,0.0684,0.0768,0.0867,0.0748,0.083,29380,23909783,32,45,-0.431595442092155,1.39869129792158,0.00371885232818031,-0.424026126845598,-0.0015326642202457,0.263874389648438,2.7,3850,10000,10001622,510050P1906M02700,50ETF沽2019年6月2.70,510050.SH,ETF期权,认沽,欧式,2.7,10000,2019-06,2018/12/4 0:00:00,2019/6/26 0:00:00,2019-06-26,2019-06-27,0.2554,实物资产,退市,
2019/5/14 0:00:00,0.083,0.0903,0.0946,0.0709,0.0838,40831,33280259,31,44,-0.455829385977732,1.4365415878576,0.00368530666218581,-0.428678763479528,-0.00157398598299604,0.248422863769531,2.7,4007.6,10000,10001622,510050P1906M02700,50ETF沽2019年6月2.70,510050.SH,ETF期权,认沽,欧式,2.7,10000,2019-06,2018/12/4 0:00:00,2019/6/26 0:00:00,2019-06-26,2019-06-27,0.2554,实物资产,退市,
2019/5/15 0:00:00,0.0838,0.0753,0.0773,0.0512,0.0543,56944,34559535,30,43,-0.376255378302377,1.35111233386474,0.00356034199781113,-0.433385017204866,-0.00128654872875822,0.233117797851563,2.7,3211,10000,10001622,510050P1906M02700,50ETF沽2019年6月2.70,510050.SH,ETF期权,认沽,欧式,2.7,10000,2019-06,2018/12/4 0:00:00,2019/6/26 0:00:00,2019-06-26,2019-06-27,0.2554,实物资产,退市,
2019/5/16 0:00:00,0.0543,0.0555,0.0575,0.0468,0.0488,38782,20195179,29,42,-0.362716154677023,1.35582665255499,0.00348720527831091,-0.432935308208592,-0.00121168107965802,0.228650769042969,2.7,3076.8,10000,10001622,510050P1906M02700,50ETF沽2019年6月2.70,510050.SH,ETF期权,认沽,欧式,2.7,10000,2019-06,2018/12/4 0:00:00,2019/6/26 0:00:00,2019-06-26,2019-06-27,0.2554,实物资产,退市,
2019/5/17 0:00:00,0.0488,0.0452,0.0665,0.0452,0.0647,81522,48427516,28,41,-0.434637424221837,1.45462835058651,0.00354780317118304,-0.451689550301715,-0.00139841432868074,0.2215474609375,2.7,3684.6,10000,10001622,510050P1906M02700,50ETF沽2019年6月2.70,510050.SH,ETF期权,认沽,欧式,2.7,10000,2019-06,2018/12/4 0:00:00,2019/6/26 0:00:00,2019-06-26,2019-06-27,0.2554,实物资产,退市,
2019/5/20 0:00:00,0.0647,0.065,0.0818,0.0544,0.068,116844,82675465,27,38,-0.471347367281073,1.55824772910142,0.00341936401525788,-0.464734862789073,-0.00138955824287161,0.207633764648437,2.7,3918.8,10000,10001622,510050P1906M02700,50ETF沽2019年6月2.70,510050.SH,ETF期权,认沽,欧式,2.7,10000,2019-06,2018/12/4 0:00:00,2019/6/26 0:00:00,2019-06-26,2019-06-27,0.2554,实物资产,退市,
2019/5/21 0:00:00,0.068,0.06,0.0677,0.046,0.0562,129198,71583830,26,37,-0.435459122936923,1.56644237602562,0.00336565430594953,-0.46780611755533,-0.00125373883141452,0.20572978515625,2.7,3608.4,10000,10001622,510050P1906M02700,50ETF沽2019年6月2.70,510050.SH,ETF期权,认沽,欧式,2.7,10000,2019-06,2018/12/4 0:00:00,2019/6/26 0:00:00,2019-06-26,2019-06-27,0.2554,实物资产,退市,
2019/5/22 0:00:00,0.0562,0.0541,0.066,0.0539,0.0583,160110,96463439,25,36,-0.456007045319769,1.60665492281857,0.00332625329191022,-0.474464672237805,-0.00127119208315179,0.197747717285156,2.7,3743.8,10000,10001622,510050P1906M02700,50ETF沽2019年6月2.70,510050.SH,ETF期权,认沽,欧式,2.7,10000,2019-06,2018/12/4 0:00:00,2019/6/26 0:00:00,2019-06-26,2019-06-27,0.2554,实物资产,退市,
2019/5/23 0:00:00,0.0583,0.0648,0.084,0.0624,0.0756,224539,166666926,24,35,-0.508787027258669,1.65345502424469,0.00325871290670148,-0.476886007108966,-0.0013663777306615,0.205510095214844,2.7,3968.4,10000,10001622,510050P1906M02700,50ETF沽2019年6月2.70,510050.SH,ETF期权,认沽,欧式,2.7,10000,2019-06,2018/12/4 0:00:00,2019/6/26 0:00:00,2019-06-26,2019-06-27,0.2554,实物资产,退市,
2019/5/24 0:00:00,0.0756,0.0705,0.074,0.0557,0.0688,190878,126811108,23,34,-0.486367548545273,1.66918385427206,0.00322612093218828,-0.4888723913083,-0.00127058559537074,0.20924482421875,2.7,3917.2,10000,10001622,510050P1906M02700,50ETF沽2019年6月2.70,510050.SH,ETF期权,认沽,欧式,2.7,10000,2019-06,2018/12/4 0:00:00,2019/6/26 0:00:00,2019-06-26,2019-06-27,0.2554,实物资产,退市,
2019/5/27 0:00:00,0.0688,0.0718,0.0894,0.054,0.059,250820,175289600,22,31,-0.448082146891353,1.73498248495474,0.00307776576507842,-0.512904802311241,-0.00106601828905873,0.221803765869141,2.7,3116.8,10000,10001622,510050P1906M02700,50ETF沽2019年6月2.70,510050.SH,ETF期权,认沽,欧式,2.7,10000,2019-06,2018/12/4 0:00:00,2019/6/26 0:00:00,2019-06-26,2019-06-27,0.2554,实物资产,退市,
2019/5/28 0:00:00,0.059,0.0586,0.0599,0.0441,0.0505,217903,108448230,21,30,-0.406676222500425,1.9861230495559,0.0029888038604023,-0.444918860568533,-0.000930322109325354,0.223451440429688,2.7,3454.6,10000,10001622,510050P1906M02700,50ETF沽2019年6月2.70,510050.SH,ETF期权,认沽,欧式,2.7,10000,2019-06,2018/12/4 0:00:00,2019/6/26 0:00:00,2019-06-26,2019-06-27,0.2554,实物资产,退市,
2019/5/29 0:00:00,0.0505,0.0575,0.0579,0.0306,0.0405,254406,111980456,20,29,-0.373112942548074,2.02482896895881,0.00288149296277347,-0.432175965384509,-0.000824986842309378,0.212100793457031,2.7,3222.6,10000,10001622,510050P1906M02700,50ETF沽2019年6月2.70,510050.SH,ETF期权,认沽,欧式,2.7,10000,2019-06,2018/12/4 0:00:00,2019/6/26 0:00:00,2019-06-26,2019-06-27,0.2554,实物资产,退市,
2019/5/30 0:00:00,0.0405,0.0414,0.0552,0.0392,0.0441,267908,130195238,19,28,-0.39476798508216,2.10462940285003,0.00286582812292959,-0.445428202585373,-0.00083859063693214,0.21393154296875,2.7,3355.4,10000,10001622,510050P1906M02700,50ETF沽2019年6月2.70,510050.SH,ETF期权,认沽,欧式,2.7,10000,2019-06,2018/12/4 0:00:00,2019/6/26 0:00:00,2019-06-26,2019-06-27,0.2554,实物资产,退市,
2019/5/31 0:00:00,0.0441,0.047,0.052,0.036,0.052,226267,100201000,18,27,-0.413268931341548,2.17613235035117,0.00283573967281414,-0.457598810946128,-0.000842689510268311,0.233044567871094,2.7,3513.6,10000,10001622,510050P1906M02700,50ETF沽2019年6月2.70,510050.SH,ETF期权,认沽,欧式,2.7,10000,2019-06,2018/12/4 0:00:00,2019/6/26 0:00:00,2019-06-26,2019-06-27,0.2554,实物资产,退市,
2019/6/3 0:00:00,0.052,0.0452,0.0539,0.0347,0.0446,249801,112772221,17,24,-0.381607703586097,2.29870022252548,0.00262222638664996,-0.472321065527452,-0.000687685340697848,0.236852526855469,2.7,3334,10000,10001622,510050P1906M02700,50ETF沽2019年6月2.70,510050.SH,ETF期权,认沽,欧式,2.7,10000,2019-06,2018/12/4 0:00:00,2019/6/26 0:00:00,2019-06-26,2019-06-27,0.2554,实物资产,退市,
2019/6/4 0:00:00,0.0446,0.0422,0.0548,0.0408,0.0514,188841,95925051,16,23,-0.423158582692698,2.42865630274393,0.00261640956517138,-0.491429773377848,-0.000725408457783741,0.240147875976563,2.7,3560.4,10000,10001622,510050P1906M02700,50ETF沽2019年6月2.70,510050.SH,ETF期权,认沽,欧式,2.7,10000,2019-06,2018/12/4 0:00:00,2019/6/26 0:00:00,2019-06-26,2019-06-27,0.2554,实物资产,退市,
2019/6/5 0:00:00,0.0514,0.0408,0.0514,0.0393,0.0498,183353,82036234,15,22,-0.432409806845153,2.50010193977355,0.00256347611499634,-0.50474038244564,-0.000706132024092027,0.232531958007813,2.7,3579.6,10000,10001622,510050P1906M02700,50ETF沽2019年6月2.70,510050.SH,ETF期权,认沽,欧式,2.7,10000,2019-06,2018/12/4 0:00:00,2019/6/26 0:00:00,2019-06-26,2019-06-27,0.2554,实物资产,退市,
2019/6/6 0:00:00,0.0498,0.0474,0.0571,0.0456,0.0532,214003,109095057,14,21,-0.468040703835833,2.6032915627629,0.00251703215584129,-0.519187072729256,-0.00072468198142856,0.226380639648437,2.7,3736.8,10000,10001622,510050P1906M02700,50ETF沽2019年6月2.70,510050.SH,ETF期权,认沽,欧式,2.7,10000,2019-06,2018/12/4 0:00:00,2019/6/26 0:00:00,2019-06-26,2019-06-27,0.2554,实物资产,退市,
2019/6/10 0:00:00,0.0532,0.0499,0.0499,0.0322,0.033,230862,87837243,13,17,-0.369518818945923,2.73581932404314,0.0021643020233672,-0.56590816714698,-0.000459488735735131,0.2262341796875,2.7,3226.8,10000,10001622,510050P1906M02700,50ETF沽2019年6月2.70,510050.SH,ETF期权,认沽,欧式,2.7,10000,2019-06,2018/12/4 0:00:00,2019/6/26 0:00:00,2019-06-26,2019-06-27,0.2554,实物资产,退市,
2019/6/11 0:00:00,0.033,0.0306,0.0306,0.0104,0.011,273908,47158323,12,16,-0.180442467426457,1.95740250059926,0.00149918900485709,-0.415342938855628,-0.000214196543926795,0.218471801757813,2.7,2346.8,10000,10001622,510050P1906M02700,50ETF沽2019年6月2.70,510050.SH,ETF期权,认沽,欧式,2.7,10000,2019-06,2018/12/4 0:00:00,2019/6/26 0:00:00,2019-06-26,2019-06-27,0.2554,实物资产,退市,
2019/6/12 0:00:00,0.011,0.0115,0.0133,0.0083,0.01,147786,16160249,11,15,-0.19771337072671,2.15252648738223,0.001525718598039,-0.452862945455115,-0.000218061798875831,0.204118725585938,2.7,2442.4,10000,10001622,510050P1906M02700,50ETF沽2019年6月2.70,510050.SH,ETF期权,认沽,欧式,2.7,10000,2019-06,2018/12/4 0:00:00,2019/6/26 0:00:00,2019-06-26,2019-06-27,0.2554,实物资产,退市,
2019/6/13 0:00:00,0.01,0.0102,0.0135,0.0068,0.0091,144045,14684324,10,14,-0.203085520190723,2.27529677010192,0.00149088859449234,-0.476734733751209,-0.000207383677423736,0.197235107421875,2.7,2486.2,10000,10001622,510050P1906M02700,50ETF沽2019年6月2.70,510050.SH,ETF期权,认沽,欧式,2.7,10000,2019-06,2018/12/4 0:00:00,2019/6/26 0:00:00,2019-06-26,2019-06-27,0.2554,实物资产,退市,
2019/6/14 0:00:00,0.0091,0.0084,0.0096,0.0054,0.0089,93071,7216633,9,13,-0.208771832563501,2.41201264672062,0.00145293222557742,-0.503795265584462,-0.000196212183693795,0.195477587890625,2.7,2537,10000,10001622,510050P1906M02700,50ETF沽2019年6月2.70,510050.SH,ETF期权,认沽,欧式,2.7,10000,2019-06,2018/12/4 0:00:00,2019/6/26 0:00:00,2019-06-26,2019-06-27,0.2554,实物资产,退市,
2019/6/17 0:00:00,0.0089,0.0083,0.0085,0.0039,0.0049,93292,4923311,8,10,-0.156075375989395,2.31330355103661,0.00105210767499208,-0.490143245664827,-0.00010983565258019,0.1969421875,2.7,2417.8,10000,10001622,510050P1906M02700,50ETF沽2019年6月2.70,510050.SH,ETF期权,认沽,欧式,2.7,10000,2019-06,2018/12/4 0:00:00,2019/6/26 0:00:00,2019-06-26,2019-06-27,0.2554,实物资产,退市,
2019/6/18 0:00:00,0.0049,0.004,0.006,0.0028,0.0029,79225,3270556,7,9,-0.118114058549015,2.02713480682806,0.000822934479964192,-0.431155828965998,-7.40026130041323E-05,0.19518466796875,2.7,2301,10000,10001622,510050P1906M02700,50ETF沽2019年6月2.70,510050.SH,ETF期权,认沽,欧式,2.7,10000,2019-06,2018/12/4 0:00:00,2019/6/26 0:00:00,2019-06-26,2019-06-27,0.2554,实物资产,退市,
2019/6/19 0:00:00,0.0029,0.0013,0.0019,0.0008,0.0013,91714,1312421,6,8,-0.0368881229881427,0.882844539704073,0.000319054526816231,-0.189265547736313,-2.04654060810421E-05,0.22916337890625,2.7,1903,10000,10001622,510050P1906M02700,50ETF沽2019年6月2.70,510050.SH,ETF期权,认沽,欧式,2.7,10000,2019-06,2018/12/4 0:00:00,2019/6/26 0:00:00,2019-06-26,2019-06-27,0.2554,实物资产,退市,
2019/6/20 0:00:00,0.0013,0.0017,0.0017,0.0006,0.0006,51490,495261,5,7,-0.00157871907966312,0.0562519395954455,1.93629559367615E-05,-0.0140066086436678,-7.73419485381053E-07,0.32348359375,2.7,1896,10000,10001622,510050P1906M02700,50ETF沽2019年6月2.70,510050.SH,ETF期权,认沽,欧式,2.7,10000,2019-06,2018/12/4 0:00:00,2019/6/26 0:00:00,2019-06-26,2019-06-27,0.2554,实物资产,退市,
2019/6/21 0:00:00,0.0006,0.0006,0.0011,0.0004,0.0005,23913,172631,4,6,-0.00065006739731055,0.0273076985072951,7.82823087547435E-06,-0.00680548428433276,-2.64961592418677E-07,0.3434021484375,2.7,1893,10000,10001622,510050P1906M02700,50ETF沽2019年6月2.70,510050.SH,ETF期权,认沽,欧式,2.7,10000,2019-06,2018/12/4 0:00:00,2019/6/26 0:00:00,2019-06-26,2019-06-27,0.2554,实物资产,退市,
2019/6/24 0:00:00,0.0005,0.0003,0.0006,0.0001,0.0001,16559,48313,3,3,-1.1290188128843E-07,1.14947577235127E-05,1.32252347460541E-09,-2.88516904886709E-06,-1.83639818481876E-11,0.4593984375,2.7,1891,10000,10001622,510050P1906M02700,50ETF沽2019年6月2.70,510050.SH,ETF期权,认沽,欧式,2.7,10000,2019-06,2018/12/4 0:00:00,2019/6/26 0:00:00,2019-06-26,2019-06-27,0.2554,实物资产,退市,
2019/6/25 0:00:00,0.0001,0.0001,0.0004,0.0001,0.0001,15627,31109,2,2,0,5.44767851023402E-08,3.07126267760235E-12,-1.3536612516025E-08,0,0.56250625,2.7,1891,10000,10001622,510050P1906M02700,50ETF沽2019年6月2.70,510050.SH,ETF期权,认沽,欧式,2.7,10000,2019-06,2018/12/4 0:00:00,2019/6/26 0:00:00,2019-06-26,2019-06-27,0.2554,实物资产,退市,
2019/6/26 0:00:00,0.0001,0.0001,0.0001,0.0001,0.0001,708,708,1,1,非数字,非数字,非数字,非数字,非数字,非数字,2.7,1890,10000,10001622,510050P1906M02700,50ETF沽2019年6月2.70,510050.SH,ETF期权,认沽,欧式,2.7,10000,2019-06,2018/12/4 0:00:00,2019/6/26 0:00:00,2019-06-26,2019-06-27,0.2554,实物资产,退市,
